1 21 52 75
2 32 63 70 
3 5 27 74
4 44 46 70
5 4 33 70
6 3 55 67
7 1 21 74
8 10 39 57
9 24 33 65
10 5 9 37
11 22 33 57
12 47 58 73
13 6 26 32
14 4 13 69
15 32 40 44
16 37 58 71
17 34 60 64
18 27 66 69
19 6 34 64
20 12 17 27
21 35 40 46
22 24 66 74
23 2 18 71
24 2 38 59
25 7 25 45
26 1 27 41
27 39 40 46
28 19 20 63
29 14 46 67
30 22 58 75
31 49 51 62
32 49 57 59
33 2 27 73
34 6 11 40
35 26 36 48
36 26 33 73
37 53 65 67
38 28 67 75
39 15 27 71
40 13 15 56
41 20 53 59
42 15 46 67
43 23 25 36
44 5 44 58
45 7 24 67
46 3 64 68
47 21 37 55
48 47 60 72
49 8 43 45
50 8 15 58
51 2 9 45
52 36 52 53
53 28 44 48
54 10 30 49
55 22 49 51
56 31 38 55
57 6 38 46
58 35 44 51
59 43 48 69
60 38 49 64
61 1 20 30
62 14 66 71
63 31 42 55
64 6 35 47
65 25 35 55
66 28 56 69
67 44 51 71
68 5 25 37
69 30 35 66
70 4 31 58
71 13 36 41
72 25 48 61
73 11 18 74
74 18 61 72
75 13 19 68
76 2 38 54
77 32 35 41
78 21 60 65
79 2 3 41
80 29 38 55
81 16 68 74
82 3 42 58
83 17 65 69
84 15 46 57
85 2 11 60
86 48 58 69
87 39 41 69
88 13 24 69
89 39 48 64
90 4 37 74
91 28 38 52
92 5 21 26
93 43 53 64
94 14 33 46
95 20 69 73
96 19 36 56
97 5 50 65
98 31 44 61
99 6 17 60
100 22 38 56
101 21 31 48
102 37 38 55
103 12 13 43
104 10 20 67
105 12 45 62
106 5 30 38
107 26 65 74
108 2 38 56
109 15 22 51
110 3 59 66
111 11 22 69
112 34 36 46
113 44 45 63
114 27 57 74
115 33 40 57
116 13 24 44
117 13 66 68
118 47 51 55
119 23 31 60
120 10 41 73
121 54 62 69
122 31 40 57
123 6 25 35
124 25 27 68
125 3 49 53
126 25 49 73
127 8 20 31
128 33 39 58
129 5 29 66
130 37 43 58
131 5 50 66
132 34 44 54
133 8 53 56
134 4 46 57
135 4 12 36
136 10 21 36
137 28 35 71
138 17 28 45
139 11 26 52
140 20 31 48
141 22 31 71
142 38 53 57
143 16 37 39
144 8 13 28
145 43 47 54
146 32 39 64
147 48 56 70
148 32 60 73
149 18 26 59
150 33 37 51
151 62 65 73
152 11 17 21
153 32 41 68
154 38 39 50
155 10 30 37
156 8 27 45
157 1 3 19
158 2 16 30
159 15 29 36
160 12 16 49
161 2 58 59
162 21 37 62
163 3 7 45
164 17 27 75
165 28 36 41
166 1 26 53
167 4 24 55
168 3 27 72
169 14 22 65
170 12 20 59
171 36 46 48
172 26 53 57
173 7 57 73
174 1 2 48
175 5 13 28
176 11 35 58
177 14 61 75
178 11 16 61
179 17 33 55
180 46 57 71
181 3 13 19
182 20 32 65
183 2 6 24
184 2 4 51
185 3 54 58
186 24 26 63
187 32 65 74
188 29 46 57
189 15 18 35
190 21 55 67
191 38 44 68
192 38 40 54
193 28 35 51
194 23 40 68
195 6 34 36
196 1 36 51
197 3 46 47
198 21 39 73
199 7 38 46
200 5 45 58
201 21 25 59
202 47 48 55
203 5 31 74
204 36 55 56
205 35 60 66
206 6 15 56
207 12 40 75
208 48 71 74
209 64 67 68
210 32 60 62
211 4 48 59
212 33 67 72
213 6 37 42
214 8 30 71
215 41 45 57
216 18 47 62
217 11 25 37
218 5 24 48
219 18 27 46
220 3 8 69
221 6 30 52
222 4 55 61
223 8 44 54
224 30 37 44
225 3 7 61
226 16 56 70
227 5 26 65
228 26 44 70
229 16 45 56
230 1 60 65
231 26 37 75
232 30 55 59
233 6 59 63
234 28 38 51
235 2 38 66
236 3 11 54
237 16 30 61
238 4 15 54
239 30 42 55
240 20 39 48
241 6 19 71
242 18 61 62
243 22 28 39
244 2 9 10
245 9 10 55
246 13 44 59
247 6 13 70
248 12 22 44
249 10 31 61
250 33 50 68
251 22 41 65
252 11 64 69
253 16 30 59
254 21 32 35
255 9 14 34
256 34 51 53
257 3 33 45
258 9 47 66
259 3 18 53
260 12 70 75
261 7 25 61
262 8 19 52
263 10 45 47
264 5 10 46
265 18 65 68
266 24 33 55
267 6 32 63
268 3 22 25
269 20 57 73
270 5 45 70
271 23 29 48
272 11 32 56
273 23 65 75
274 5 50 75
275 9 29 41
276 33 59 65
277 54 64 68
278 5 14 67
279 12 15 51
280 3 11 30
281 2 46 55
282 9 10 62
283 25 39 59
284 10 37 50
285 11 42 46
286 33 62 70
287 4 9 66
288 12 49 53
289 37 56 63
290 11 14 59
291 5 48 71
292 6 49 72
293 49 54 73
294 4 36 71
295 1 44 59
296 8 63 65
297 2 43 64
298 24 40 46
299 8 33 48
300 3 4 38
301 17 65 70
302 20 32 63
303 20 58 75
304 48 62 64
305 10 38 65
306 21 35 69
307 2 3 15
308 22 31 42
309 39 41 69
310 15 16 47
311 2 16 58
312 9 16 64
313 7 59 71
314 39 53 71
315 12 13 42
316 5 15 38
317 25 32 74
318 4 64 68
319 43 71 74
320 2 30 68
321 12 16 48
322 1 42 75
323 21 37 72
324 9 29 63
325 2 48 55
326 23 50 52
327 3 5 57
328 1 26 52
329 26 38 51
330 4 17 64
331 12 20 30
332 16 25 49
333 3 42 70
334 40 57 72
335 18 30 40
336 41 58 70
337 30 65 74
338 11 25 43
339 14 25 29
340 4 16 47
341 15 22 47
342 24 59 75
343 26 54 57
344 36 43 48
345 7 71 72
346 16 48 66
347 18 40 73
348 45 51 61
349 1 27 68
350 16 37 70
351 31 33 51
352 35 52 59
353 30 67 75
354 8 37 72
355 23 35 42
356 30 51 61
357 9 15 40
358 31 62 68
359 6 60 66
360 1 3 6
361 17 29 74
362 17 29 35
363 45 56 70
364 37 61 73
365 11 13 35
366 14 20 69
367 14 42 60
368 37 44 53
369 23 29 66
370 8 13 70
371 2 30 33
372 20 51 74
373 1 52 71
374 51 62 74
375 3 10 66
376 16 39 61
377 23 29 66
378 25 59 71
379 29 61 72
380 32 39 52
381 23 27 48
382 7 58 70
383 7 19 29
384 34 48 54
385 2 54 71
386 47 50 69
387 5 26 43
388 11 16 37
389 4 58 63
390 12 64 74
391 27 49 68
392 4 58 68
393 9 13 35
394 34 47 66
395 39 47 63
396 28 59 61
397 7 38 50
398 31 33 55
399 24 32 68
400 12 30 40
401 36 38 63
402 11 21 67
403 6 33 75
404 3 33 35
405 9 43 72
406 6 15 62
407 7 17 64
408 10 14 59
409 44 59 68
410 9 35 69
411 33 45 73
412 14 24 35
413 4 36 50
414 27 31 32
415 2 13 73
416 16 56 64
417 40 59 69
418 11 14 62
419 5 10 24
420 8 35 39
421 61 65 73
422 62 64 65
423 20 49 50
424 1 50 60
425 14 16 74
426 11 14 75
427 48 52 60
428 19 66 71
429 44 50 61
430 23 43 60
431 8 30 55
432 20 49 62
433 8 37 40
434 10 54 56
435 46 47 57
436 28 29 61
437 55 62 68
438 3 35 74
439 1 4 66
440 36 39 67
441 39 61 71
442 11 39 51
443 9 61 74
444 11 51 60
445 54 70 74
446 15 36 41
447 3 10 51
448 40 63 68
449 19 46 59
450 22 64 68
451 19 26 46
452 21 24 30
453 3 28 54
454 2 5 73
455 33 69 74
456 26 48 68
457 25 37 38
458 2 20 74
459 3 53 64
460 33 41 68
461 17 22 26
462 55 58 74
463 37 41 49
464 8 55 56
465 46 61 74
466 9 39 59
467 34 40 61
468 38 60 67
469 3 36 63
470 16 38 58
471 47 61 72
472 9 12 49
473 5 23 25
474 3 12 45
475 21 43 44
476 6 36 47
477 37 46 58
478 2 39 75
479 41 57 62
480 17 33 45
481 53 54 57
482 5 42 55
483 37 65 66
484 26 71 72
485 23 29 33
486 13 23 34
487 10 37 51
488 8 52 67
489 13 45 56
490 4 13 23
491 52 55 67
492 7 13 38
493 3 69 71
494 34 37 40
495 48 58 74
496 4 32 42
497 10 55 63
498 16 43 53
499 9 41 44
500 49 64 68
501 6 32 68
502 13 35 63
503 37 51 57
504 25 63 68
505 21 30 32
506 16 20 42
507 22 38 62
508 3 7 73
509 53 64 71
510 9 19 40
511 14 44 56
512 63 67 73
513 42 44 64
514 15 24 66
515 25 34 35
516 6 12 37
517 53 60 73
518 5 8 51
519 3 24 47
520 37 61 74
521 22 39 45
522 8 33 58
523 22 30 55
524 33 37 45
525 18 50 67
526 28 53 55
527 30 55 71
528 1 60 67
529 20 22 53
530 8 56 64
531 23 28 66
532 17 55 63
533 8 16 70
534 44 66 72
535 13 31 43
536 37 39 57
537 23 33 70
538 36 47 72
539 16 62 63
540 17 22 41
541 32 34 47
542 37 45 55
543 3 30 33
544 21 32 73
545 33 43 57
546 23 32 68
547 6 55 65
548 45 71 75
549 6 8 35
550 7 16 42
551 40 48 49
552 7 9 64
553 26 50 69
554 28 30 58
555 41 51 58
556 21 48 61
557 15 20 21
558 1 16 71
559 2 42 72
560 6 18 22
561 21 37 46
562 17 58 68
563 13 37 53
564 21 35 74
565 8 58 64
566 35 42 71
567 32 39 57
568 16 28 75
569 16 20 34
570 9 11 14
571 2 6 37
572 70 72 74
573 5 7 60
574 23 33 57
575 18 28 73
576 21 37 43
577 16 45 49
578 10 43 74
579 12 18 50
580 19 48 71
581 17 45 64
582 22 36 41
583 36 40 46
584 12 50 58
585 16 44 50
586 8 11 22
587 1 46 71
588 40 56 66
589 6 32 51
590 40 47 61
591 5 28 66
592 33 37 45
593 11 29 49
594 61 65 73
595 3 7 62
596 7 11 48
597 25 72 75
598 19 22 33
599 29 52 57
600 10 24 72
601 24 37 68
602 18 47 48
603 46 53 60
604 5 13 32
605 22 55 69
606 22 55 70
607 44 48 65
608 10 15 53
609 15 29 52
610 25 33 46
611 29 31 66
612 13 55 67
613 17 22 52
614 2 31 49
615 12 38 57
616 12 40 52
617 6 13 46
618 15 44 69
619 27 29 34
620 6 41 64
621 34 45 62
622 20 21 41
623 9 57 66
624 34 49 72
625 20 32 45
626 37 62 70
627 28 52 72
628 20 44 56
629 5 37 66
630 37 38 62
631 28 58 68
632 2 30 74
633 4 22 61
634 31 41 65
635 2 31 71
636 7 40 71
637 24 34 50
638 5 38 42
639 6 25 72
640 10 38 54
641 17 19 33
642 20 51 63
643 56 58 68
644 18 19 41
645 27 38 74
646 21 59 64
647 14 42 43
648 1 32 56
649 9 56 57
650 3 31 57
651 32 41 50
652 2 11 25
653 7 15 29
654 5 12 52
655 3 11 72
656 18 31 72
657 17 38 72
658 43 63 69
659 31 41 67
660 17 22 49
661 12 30 50
662 16 34 68
663 17 18 47
664 11 20 29
665 8 34 40
666 16 74 75
667 5 44 68
668 17 32 71
669 9 37 50
670 26 44 67
671 10 20 64
672 51 60 72
673 11 27 70
674 5 68 71
675 4 43 66
676 19 32 57
677 46 56 71
678 23 38 49
679 12 57 58
680 33 36 51
681 24 35 73
682 3 11 16
683 33 39 54
684 1 39 46
685 6 59 73
686 37 51 65
687 28 69 74
688 1 19 56
689 10 24 75
690 5 18 44
691 13 15 27
692 36 37 52
693 23 32 57
694 1 16 37
695 11 13 37
696 30 53 66
697 18 32 56
698 1 29 31
699 3 47 52
700 8 28 58
701 2 42 49
702 15 44 52
703 17 42 74
704 5 30 59
705 59 61 72
706 5 66 68
707 24 26 30
708 23 28 72
709 14 53 61
710 4 6 28
711 14 37 39
712 33 51 62
713 27 32 64
714 59 69 75
715 9 11 22
716 1 6 64
717 37 53 67
718 30 35 55
719 53 59 61
720 41 73 74
721 62 65 68
722 41 43 74
723 39 51 61
724 14 15 37
725 21 48 68
726 9 27 71
727 1 30 32
728 19 21 57
729 49 64 68
730 37 61 69
731 44 51 60
732 57 58 72
733 22 56 57
734 19 42 69
735 2 62 68
736 38 44 59
737 12 19 37
738 1 5 67
739 13 16 54
740 35 52 61
741 12 22 70
742 20 37 69
743 19 28 59
744 14 27 70
745 22 53 56
746 49 50 53
747 14 50 75
748 54 60 70
749 38 39 44
750 23 26 33
751 25 37 66
752 1 11 24
753 2 3 12
754 61 67 69
755 12 21 65
756 8 16 60
757 22 35 68
758 9 14 36
759 2 15 29
760 7 11 39
761 63 68 72
762 10 21 28
763 30 35 63
764 5 22 66
765 2 17 62
766 31 45 62
767 4 5 42
768 32 63 64
769 11 13 43
770 23 49 73
771 29 44 72
772 23 49 72
773 11 61 68
774 29 38 42
775 21 48 65
776 18 21 49
777 37 58 74
778 32 44 74
779 38 39 49
780 21 28 59
781 25 44 45
782 4 7 34
783 2 53 68
784 6 57 72
785 10 13 58
786 48 68 69
787 23 48 74
788 28 51 74
789 14 24 64
790 53 58 74
791 43 59 70
792 4 56 74
793 7 52 74
794 6 16 21
795 20 28 57
796 24 30 67
797 14 60 72
798 3 66 68
799 20 39 53
800 1 6 61
801 9 61 66
802 12 13 53
803 26 42 51
804 17 27 30
805 37 49 68
806 29 38 59
807 7 30 46
808 21 37 65
809 7 38 47
810 13 34 70
811 10 33 47
812 34 54 66
813 27 31 53
814 28 57 59
815 13 37 66
816 21 56 57
817 3 51 59
818 42 49 60
819 38 44 62
820 52 59 69
821 5 35 62
822 56 61 67
823 17 54 62
824 6 57 74
825 18 22 42
826 16 18 73
827 12 49 53
828 65 66 69
829 25 38 67
830 15 17 31
831 59 64 65
832 39 51 65
833 19 31 67
834 60 68 73
835 9 11 62
836 58 59 70
837 9 50 52
838 7 8 31
839 4 17 71
840 11 39 41
841 1 45 60
842 1 36 58
843 11 42 71
844 8 14 75
845 5 26 55
846 21 37 64
847 17 28 46
848 11 16 33
849 12 35 70
850 38 50 67
851 22 27 57
852 4 49 74
853 6 63 66
854 38 45 69
855 7 18 19
856 34 49 71
857 1 50 64
858 20 41 70
859 7 62 63
860 53 64 70
861 9 31 33
862 22 32 34
863 5 12 57
864 7 24 45
865 51 54 60
866 14 57 73
867 23 41 53
868 8 15 38
869 6 70 73
870 17 27 37
871 5 31 43
872 23 41 71
873 22 29 31
874 7 49 54
875 44 46 71
876 5 28 57
877 5 14 39
878 10 16 58
879 16 49 67
880 51 69 71
881 13 20 29
882 19 22 73
883 2 20 44
884 14 26 58
885 1 15 48
886 34 48 73
887 2 12 37
888 40 41 63
889 12 22 64
890 44 50 70
891 19 26 55
892 10 13 74
893 14 51 68
894 23 24 74
895 19 31 35
896 14 22 28
897 12 26 38
898 3 17 32
899 16 38 52
900 13 25 73
901 16 37 61
902 22 28 72
903 12 24 68
904 10 16 24
905 16 39 59
906 11 32 41
907 19 20 29
908 30 47 57
909 1 18 65
910 12 59 74
911 16 44 51
912 13 37 43
913 17 30 67
914 14 32 65
915 32 59 75
916 31 43 49
917 14 37 48
918 17 20 60
919 12 31 61
920 43 44 66
921 8 9 27
922 12 33 73
923 24 33 37
924 5 8 60
925 16 23 75
926 6 50 75
927 29 54 55
928 30 41 71
929 37 56 72
930 16 27 54
931 53 57 63
932 67 68 71
933 2 35 70
934 32 46 63
935 15 58 65
936 39 57 65
937 13 60 61
938 6 42 56
939 39 42 48
940 12 15 47
941 10 19 38
942 1 50 53
943 12 15 62
944 41 63 69
945 18 20 58
946 8 30 31
947 7 59 74
948 14 22 75
949 2 36 58
950 12 18 30
951 22 32 71
952 8 10 50
953 28 39 71
954 37 66 67
955 41 46 69
956 3 12 30
957 7 13 16
958 33 36 60
959 30 47 71
960 17 54 66
961 17 46 49
962 8 12 36
963 20 51 65
964 11 37 38
965 32 35 51
966 43 48 55
967 5 20 57
968 7 25 46
969 23 29 51
970 5 44 48
971 31 33 37
972 19 59 75
973 3 48 71
974 45 63 70
975 12 25 59
976 3 65 71
977 48 55 69
978 1 49 65
979 19 28 35
980 1 36 45
981 15 32 63
982 11 19 46
983 11 18 66
984 19 40 63
985 19 21 73
986 22 37 38
987 3 15 29
988 17 42 49
989 3 69 70
990 17 48 75
991 19 36 75
992 50 58 63
993 37 44 54
994 7 35 59
995 21 38 43
996 2 13 32
997 34 68 70
998 13 19 62
999 13 71 73
1000 10 52 74
1001 11 14 37
1002 1 33 50
1003 4 41 71
1004 14 20 67
1005 38 53 69
1006 16 27 29
1007 23 35 74
1008 16 52 57
1009 12 34 50
1010 16 47 54
1011 10 14 41
1012 18 26 33
1013 7 38 53
1014 1 34 63
1015 18 50 68
1016 22 23 24
1017 5 25 70
1018 30 39 60
1019 56 59 61
1020 11 46 63
1021 6 55 69
1022 39 52 54
1023 3 31 41
1024 21 59 67
1025 28 33 71
1026 18 32 42
1027 3 40 41
1028 22 39 65
1029 12 33 36
1030 9 52 56
1031 33 45 73
1032 1 16 21
1033 18 66 67
1034 40 69 70
1035 3 5 62
1036 1 13 21
1037 5 30 52
1038 58 59 71
1039 14 29 32
1040 25 30 61
1041 5 23 45
1042 38 40 59
1043 28 30 36
1044 20 36 38
1045 16 44 69
1046 3 30 56
1047 38 44 64
1048 18 57 59
1049 33 42 74
1050 30 52 68
1051 9 39 64
1052 17 33 46
1053 40 42 71
1054 14 21 59
1055 9 26 36
1056 12 14 70
1057 4 36 51
1058 23 27 49
1059 31 44 45
1060 36 58 64
1061 6 47 73
1062 32 35 51
1063 30 45 56
1064 13 14 34
1065 11 36 61
1066 47 58 63
1067 21 37 47
1068 10 16 17
1069 8 17 66
1070 1 30 72
1071 6 47 60
1072 14 37 73
1073 1 33 70
1074 9 21 36
1075 7 33 47
1076 1 46 47
1077 43 53 68
1078 23 54 70
1079 55 67 72
1080 47 64 69
1081 9 42 67
1082 38 47 56
1083 29 37 75
1084 14 16 66
1085 3 25 37
1086 5 29 74
1087 27 59 68
1088 17 18 29
1089 29 41 57
1090 6 38 46
1091 4 20 21
1092 27 49 58
1093 19 34 59
1094 7 31 37
1095 53 65 72
1096 23 50 59
1097 1 36 65
1098 16 43 75
1099 12 44 48
1100 14 58 66
1101 19 29 32
1102 13 41 74
1103 20 31 33
1104 25 60 71
1105 8 29 73
1106 16 67 70
1107 30 54 73
1108 20 33 57
1109 7 56 65
1110 16 58 68
1111 17 20 59
1112 7 24 71
1113 35 55 66
1114 30 42 61
1115 6 11 44
1116 22 59 62
1117 38 53 64
1118 2 4 59
1119 13 22 42
1120 41 49 53
1121 33 61 70
1122 28 69 74
1123 22 64 68
1124 31 34 41
1125 28 35 44
1126 58 59 65
1127 29 58 69
1128 22 43 44
1129 2 60 66
1130 15 64 70
1131 18 32 57
1132 3 35 36
1133 9 18 20
1134 10 22 34
1135 26 48 69
1136 15 37 53
1137 5 8 51
1138 2 6 30
1139 7 10 32
1140 11 18 30
1141 22 47 62
1142 12 59 71
1143 21 51 70
1144 35 60 63
1145 8 16 53
1146 47 56 66
1147 5 14 57
1148 30 40 68
1149 4 32 59
1150 32 38 56
1151 1 21 75
1152 50 51 63
1153 51 55 74
1154 37 55 60
1155 57 61 75
1156 19 27 44
1157 3 12 35
1158 1 51 73
1159 7 21 24
1160 3 40 45
1161 18 20 34
1162 10 35 55
1163 32 44 63
1164 5 32 51
1165 1 51 73
1166 23 53 73
1167 10 30 32
1168 11 63 74
1169 19 30 58
1170 11 25 40
1171 16 29 67
1172 3 21 35
1173 16 31 54
1174 1 37 64
1175 1 55 61
1176 2 15 49
1177 26 37 47
1178 5 9 44
1179 1 30 62
1180 11 14 21
1181 16 30 65
1182 6 20 44
1183 17 19 21
1184 24 26 27
1185 43 47 65
1186 6 38 61
1187 13 27 48
1188 18 51 59
1189 17 32 49
1190 41 71 72
1191 7 50 56
1192 13 28 34
1193 3 21 52
1194 20 32 42
1195 1 5 63
1196 11 19 25
1197 35 37 51
1198 16 31 43
1199 44 49 55
1200 32 43 64
1201 49 52 57
1202 1 7 44
1203 39 54 72
1204 46 65 70
1205 5 10 31
1206 6 11 53
1207 7 51 65
1208 15 21 53
1209 35 37 43
1210 32 33 64
1211 47 50 68
1212 5 24 35
1213 2 28 59
1214 7 30 49
1215 11 19 40
1216 44 53 57
1217 9 37 43
1218 5 37 38
1219 43 52 66
1220 31 37 65
1221 21 57 73
1222 4 17 58
1223 37 38 55
1224 11 29 48
1225 12 16 58
1226 57 59 73
1227 1 38 55
1228 58 64 66
1229 4 20 61
1230 24 55 67
1231 13 15 17
1232 45 51 73
1233 12 48 63
1234 25 36 45
1235 30 63 72
1236 6 26 55
1237 9 12 27
1238 3 42 75
1239 12 16 22
1240 35 41 44
1241 1 57 74
1242 34 59 74
1243 8 14 18
1244 2 26 64
1245 14 30 37
1246 25 44 75
1247 23 51 67
1248 34 41 71
1249 20 32 48
1250 10 28 63
1251 48 53 74
1252 10 12 60
1253 13 54 64
1254 8 9 14
1255 8 22 53
1256 11 50 65
1257 6 47 73
1258 5 9 67
1259 15 23 65
1260 25 55 75
1261 24 49 61
1262 51 68 70
1263 36 46 50
1264 3 21 35
1265 1 39 61
1266 7 16 41
1267 5 25 44
1268 10 18 19
1269 15 17 37
1270 30 42 67
1271 33 68 74
1272 46 55 61
1273 26 52 64
1274 6 10 48
1275 5 8 73
1276 28 29 66
1277 7 61 70
1278 21 58 71
1279 12 36 40
1280 10 29 71
1281 31 37 61
1282 15 31 50
1283 21 37 42
1284 12 49 52
1285 6 34 75
1286 12 28 56
1287 27 33 61
1288 34 35 43
1289 22 54 57
1290 15 53 59
1291 7 21 62
1292 50 51 60
1293 40 67 71
1294 15 27 66
1295 10 42 61
1296 21 39 63
1297 65 73 75
1298 5 9 33
1299 25 44 71
1300 5 42 75
1301 7 13 28
1302 37 38 42
1303 4 12 27
1304 2 20 43
1305 4 23 49
1306 8 11 59
1307 57 60 67
1308 42 58 75
1309 7 29 57
1310 25 29 69
1311 16 62 67
1312 17 28 30
1313 31 33 72
1314 26 30 58
1315 18 21 25
1316 27 35 61
1317 40 67 68
1318 8 58 65
1319 20 31 35
1320 1 9 74
1321 15 28 58
1322 44 64 70
1323 11 71 75
1324 1 46 75
1325 1 53 71
1326 19 51 62
1327 19 24 48
1328 2 35 41
1329 47 50 59
1330 11 26 44
1331 32 46 67
1332 2 21 26
1333 21 39 64
1334 14 22 40
1335 19 20 51
1336 33 35 72
1337 9 21 41
1338 11 27 32
1339 27 49 55
1340 31 37 61
1341 30 31 56
1342 1 49 67
1343 41 52 62
1344 20 52 63
1345 65 68 72
1346 14 19 63
1347 21 53 54
1348 8 48 58
1349 9 39 45
1350 24 58 62
1351 8 14 41
1352 21 33 50
1353 12 17 31
1354 9 13 28
1355 14 17 66
1356 13 20 27
1357 34 53 62
1358 17 54 66
1359 17 43 54
1360 6 25 62
1361 8 51 54
1362 19 29 53
1363 24 57 61
1364 5 62 72
1365 10 16 37
1366 14 58 74
1367 3 11 71
1368 30 33 40
1369 6 29 46
1370 10 11 51
1371 4 65 71
1372 14 33 66
1373 6 34 55
1374 55 74 75
1375 2 9 53
1376 34 35 55
1377 37 48 68
1378 2 16 53
1379 4 32 60
1380 11 23 61
1381 2 4 32
1382 16 59 74
1383 28 49 69
1384 4 34 39
1385 2 46 48
1386 21 58 73
1387 40 57 58
1388 42 47 56
1389 35 47 51
1390 3 24 41
1391 14 43 70
1392 22 37 55
1393 1 59 61
1394 12 23 26
1395 6 32 69
1396 14 25 56
1397 16 24 73
1398 2 5 71
1399 3 27 63
1400 7 14 71
1401 22 37 40
1402 32 37 41
1403 49 52 68
1404 6 33 37
1405 17 25 70
1406 19 27 55
1407 1 24 35
1408 18 39 48
1409 23 30 65
1410 21 30 63
1411 50 57 67
1412 15 62 65
1413 20 52 66
1414 36 44 47
1415 13 21 22
1416 23 41 52
1417 2 5 63
1418 37 38 55
1419 17 40 60
1420 44 63 64
1421 10 48 51
1422 2 21 42
1423 13 20 29
1424 28 29 34
1425 32 35 68
1426 2 12 41
1427 12 33 66
1428 1 37 55
1429 13 17 49
1430 2 22 70
1431 38 59 72
1432 12 20 50
1433 23 26 55
1434 6 17 26
1435 3 15 54
1436 1 21 38
1437 8 29 63
1438 5 30 72
1439 39 68 70
1440 12 22 41
1441 3 24 58
1442 31 42 67
1443 11 17 54
1444 10 59 64
1445 34 35 74
1446 3 17 35
1447 29 57 72
1448 3 47 53
1449 20 23 33
1450 15 24 51
1451 16 20 38
1452 1 33 65
1453 6 24 51
1454 19 44 65
1455 22 36 42
1456 18 51 62
1457 8 46 52
1458 38 61 65
1459 33 69 74
1460 14 40 41
1461 12 57 65
1462 21 53 72
1463 11 21 53
1464 38 64 72
1465 4 15 21
1466 13 17 19
1467 3 18 40
1468 30 55 57
1469 18 51 54
1470 8 13 50
1471 14 53 74
1472 22 59 60
1473 17 26 68
1474 3 53 73
1475 11 55 70
1476 4 19 74
1477 11 48 50
1478 29 36 70
1479 33 66 67
1480 19 48 72
1481 54 63 72
1482 14 34 44
1483 26 28 37
1484 31 42 54
1485 13 41 55
1486 7 52 70
1487 19 54 69
1488 4 34 63
1489 8 31 50
1490 38 69 71
1491 20 31 64
1492 23 58 68
1493 3 27 47
1494 57 59 70
1495 45 51 71
1496 2 26 58
1497 7 53 59
1498 38 47 73
1499 9 29 46
1500 37 65 74
1501 36 51 63
1502 3 5 49
1503 15 68 70
1504 1 19 36
1505 2 25 39
1506 2 20 33
1507 35 61 68
1508 22 55 73
1509 28 42 68
1510 9 10 46
1511 20 64 73
1512 32 55 74
1513 19 46 67
1514 30 62 68
1515 28 71 74
1516 5 12 44
1517 40 48 66
1518 3 9 43
1519 33 46 48
1520 35 52 72
1521 12 44 45
1522 14 68 73
1523 13 45 65
1524 21 54 73
1525 2 16 64
1526 26 28 44
1527 22 62 69
1528 35 46 58
1529 56 66 71
1530 5 6 37
1531 30 43 58
1532 11 12 74
1533 12 37 53
1534 8 55 74
1535 21 31 74
1536 10 30 59
1537 24 25 59
1538 50 58 71
1539 13 27 38
1540 19 22 70
1541 1 37 46
1542 14 34 40
1543 40 56 68
1544 8 21 53
1545 10 17 46
1546 21 44 45
1547 16 41 74
1548 17 20 41
1549 3 6 66
1550 29 64 71
1551 7 33 37
1552 3 11 27
1553 35 38 42
1554 2 9 17
1555 4 9 26
1556 47 48 65
1557 27 38 52
1558 7 13 21
1559 41 58 71
1560 6 30 42
1561 5 60 73
1562 3 68 75
1563 2 50 55
1564 1 5 21
1565 37 51 66
1566 10 14 68
1567 2 9 57
1568 20 45 59
1569 1 16 33
1570 21 22 69
1571 2 51 73
1572 1 20 61
1573 5 12 13
1574 45 48 72
1575 37 38 65
1576 12 30 50
1577 12 16 27
1578 5 7 68
1579 9 12 14
1580 12 15 17
1581 7 12 43
1582 15 39 62
1583 33 46 51
1584 23 37 74
1585 2 4 62
1586 2 27 73
1587 19 47 55
1588 5 23 56
1589 3 45 65
1590 7 36 59
1591 19 32 35
1592 33 48 52
1593 6 55 62
1594 9 23 24
1595 15 47 69
1596 29 48 64
1597 42 44 50
1598 12 29 75
1599 2 16 65
1600 9 24 37
1601 33 68 71
1602 6 14 21
1603 38 68 72
1604 18 64 72
1605 4 7 17
1606 9 45 65
1607 12 65 72
1608 29 34 67
1609 5 10 41
1610 16 52 74
1611 6 11 44
1612 19 25 36
1613 7 25 69
1614 52 58 71
1615 16 26 64
1616 21 44 55
1617 48 55 71
1618 19 20 54
1619 38 55 64
1620 9 21 46
1621 17 53 75
1622 4 22 30
1623 46 50 71
1624 12 58 69
1625 4 10 43
1626 13 48 49
1627 35 37 67
1628 3 20 68
1629 32 37 42
1630 29 35 57
1631 29 34 66
1632 5 43 52
1633 17 24 41
1634 16 35 75
1635 23 35 39
1636 11 16 37
1637 26 58 72
1638 53 69 72
1639 16 43 56
1640 12 20 22
1641 16 69 74
1642 21 67 73
1643 3 4 37
1644 15 38 72
1645 18 29 47
1646 45 69 71
1647 14 38 59
1648 7 39 75
1649 5 26 32
1650 5 46 71
1651 8 58 62
1652 33 35 48
1653 38 45 53
1654 1 32 64
1655 6 35 75
1656 35 37 63
1657 41 50 57
1658 18 47 73
1659 15 29 55
1660 5 57 71
1661 11 33 43
1662 46 57 72
1663 37 40 68
1664 41 52 71
1665 16 23 25
1666 2 4 6
1667 7 37 59
1668 1 24 54
1669 19 20 55
1670 12 22 46
1671 14 30 59
1672 33 51 62
1673 52 70 72
1674 5 35 72
1675 14 46 53
1676 7 24 35
1677 25 26 60
1678 5 7 32
1679 9 68 72
1680 2 36 48
1681 17 27 65
1682 4 34 61
1683 17 36 58
1684 13 33 60
1685 30 40 52
1686 34 43 51
1687 3 29 66
1688 61 73 75
1689 13 31 54
1690 7 8 18
1691 25 39 58
1692 2 41 49
1693 3 15 73
1694 13 31 57
1695 22 37 61
1696 14 36 45
1697 25 46 57
1698 20 35 71
1699 18 28 57
1700 37 58 70
1701 7 31 41
1702 5 33 72
1703 3 51 63
1704 28 61 75
1705 19 46 73
1706 4 22 33
1707 16 33 64
1708 45 50 59
1709 13 21 55
1710 31 33 38
1711 4 14 44
1712 31 33 40
1713 46 47 74
1714 7 19 36
1715 8 32 62
1716 18 52 54
1717 49 55 60
1718 10 32 57
1719 6 7 37
1720 3 21 64
1721 7 16 21
1722 17 57 71
1723 38 48 73
1724 25 33 46
1725 18 57 68
1726 11 20 24
1727 11 51 59
1728 13 19 71
1729 11 58 59
1730 15 37 43
1731 30 45 65
1732 4 11 44
1733 12 42 63
1734 5 25 42
1735 21 35 40
1736 2 47 71
1737 5 38 51
1738 20 32 66
1739 13 24 44
1740 9 28 64
1741 43 56 66
1742 1 11 34
1743 29 50 61
1744 30 49 68
1745 38 53 75
1746 1 59 65
1747 28 63 67
1748 41 48 57
1749 36 53 57
1750 36 46 47
1751 43 58 68
1752 36 59 62
1753 42 52 62
1754 4 32 45
1755 13 33 68
1756 4 12 57
1757 1 25 55
1758 27 33 36
1759 8 16 49
1760 5 55 75
1761 21 26 68
1762 18 35 37
1763 28 59 69
1764 24 32 39
1765 32 53 61
1766 37 38 54
1767 34 42 70
1768 3 9 42
1769 3 50 57
1770 32 52 61
1771 4 26 28
1772 57 61 63
1773 18 41 74
1774 4 22 35
1775 11 37 66
1776 12 65 73
1777 4 12 19
1778 6 37 73
1779 44 63 69
1780 14 21 72
1781 52 58 68
1782 2 57 69
1783 29 49 66
1784 1 6 17
1785 22 51 71
1786 12 64 73
1787 9 70 72
1788 20 37 75
1789 1 37 56
1790 13 17 38
1791 13 34 40
1792 30 48 54
1793 15 36 54
1794 4 6 46
1795 24 65 74
1796 16 34 60
1797 14 35 51
1798 23 62 69
1799 40 44 65
1800 11 51 65
1801 5 28 40
1802 4 22 68
1803 12 21 71
1804 2 7 31
1805 2 47 61
1806 27 39 54
1807 13 31 37
1808 3 24 66
1809 18 61 63
1810 30 34 35
1811 19 29 58
1812 26 37 41
1813 35 57 74
1814 8 48 53
1815 1 30 33
1816 2 9 14
1817 33 44 63
1818 32 34 38
1819 8 16 41
1820 2 7 65
1821 59 64 72
1822 32 46 61
1823 40 67 72
1824 24 46 70
1825 46 54 59
1826 13 34 35
1827 27 50 64
1828 40 44 46
1829 8 42 57
1830 7 69 75
1831 17 41 43
1832 8 47 71
1833 2 40 55
1834 33 55 63
1835 11 22 31
1836 2 50 59
1837 37 41 45
1838 1 16 20
1839 32 43 45
1840 5 58 64
1841 12 25 55
1842 14 54 71
1843 2 47 48
1844 29 46 60
1845 9 44 51
1846 4 18 51
1847 6 17 60
1848 20 45 46
1849 13 19 39
1850 22 41 62
1851 12 51 69
1852 20 25 57
1853 22 54 57
1854 14 19 70
1855 6 7 65
1856 14 20 70
1857 12 55 70
1858 4 26 48
1859 2 28 50
1860 16 29 69
1861 48 62 66
1862 35 66 69
1863 46 56 71
1864 11 44 60
1865 27 43 55
1866 20 45 71
1867 31 36 73
1868 27 32 44
1869 5 17 66
1870 18 36 38
1871 35 37 65
1872 14 25 43
1873 1 19 20
1874 43 49 74
1875 3 16 54
1876 17 22 37
1877 25 30 37
1878 11 32 65
1879 5 41 68
1880 21 53 70
1881 8 25 26
1882 36 41 53
1883 1 19 69
1884 15 56 58
1885 23 31 37
1886 1 16 30
1887 30 44 65
1888 34 41 65
1889 35 42 63
1890 2 9 35
1891 37 56 62
1892 3 14 44
1893 4 70 72
1894 26 32 55
1895 9 23 43
1896 17 28 64
1897 27 38 65
1898 2 21 38
1899 2 70 71
1900 3 30 69
1901 13 20 57
1902 13 23 55
1903 19 40 54
1904 42 54 72
1905 5 14 43
1906 1 3 68
1907 8 19 37
1908 23 35 56
1909 1 40 65
1910 3 66 68
1911 29 34 71
1912 10 29 38
1913 31 37 44
1914 40 60 61
1915 21 28 51
1916 2 23 40
1917 9 24 72
1918 54 55 70
1919 38 54 57
1920 5 10 72
1921 4 42 56
1922 32 44 71
1923 26 38 54
1924 14 37 62
1925 12 13 48
1926 39 60 69
1927 12 41 55
1928 25 39 70
1929 23 30 32
1930 51 68 74
1931 13 53 60
1932 16 51 73
1933 55 58 74
1934 32 34 42
1935 9 61 66
1936 9 53 56
1937 39 44 73
1938 25 54 69
1939 16 55 64
1940 11 15 70
1941 5 20 52
1942 14 27 37
1943 5 25 74
1944 52 60 74
1945 18 21 36
1946 33 46 69
1947 20 25 64
1948 24 37 62
1949 3 22 57
1950 63 73 75
1951 15 32 35
1952 24 36 57
1953 18 29 50
1954 13 42 53
1955 17 49 54
1956 19 44 64
1957 51 57 62
1958 32 37 52
1959 16 63 64
1960 13 41 60
1961 24 54 75
1962 19 32 62
1963 18 22 46
1964 6 27 72
1965 58 59 64
1966 2 5 8
1967 17 20 38
1968 8 49 66
1969 8 9 22
1970 4 43 67
1971 56 58 73
1972 3 24 58
1973 1 30 43
1974 42 52 57
1975 20 64 68
1976 27 64 75
1977 11 53 68
1978 1 13 57
1979 32 51 55
1980 63 70 73
1981 36 37 48
1982 7 14 17
1983 21 64 67
1984 29 36 60
1985 19 50 63
1986 20 59 61
1987 13 32 74
1988 2 23 75
1989 29 40 53
1990 11 27 30
1991 40 44 46
1992 36 68 75
1993 4 43 51
1994 24 41 55
1995 12 26 56
1996 28 29 63
1997 67 69 74
1998 27 65 71
1999 30 35 36
2000 12 35 48
