6 77 105 153 204 252 292 348 402 470 492 509 562 578 625 642 654 668 678 679 702 716 724 725 742 757 778 805 851 857 893 961 962 966 993 994 997 1074 1140 1142 1174 1180 1184 1198 1201 1223 1249 1356 1405 1415 1480 1497 1545 1546 1565 1583 1596 1704 1725 1782 1822 1825 1836 1849 1872 1938 
36 75 112 127 147 166 186 240 241 257 267 275 360 384 401 430 457 482 554 576 583 588 688 693 705 718 726 729 813 830 840 865 953 1043 1089 1101 1121 1155 1168 1179 1185 1209 1278 1466 1474 1521 1528 1563 1578 1587 1640 1709 1719 1743 1809 1847 1853 1855 1876 1878 1886 1909 1915 1936
1 5 39 50 71 107 154 156 178 203 243 264 269 285 321 372 393 426 464 474 486 558 570 586 596 600 626 631 634 646 651 720 721 738 758 765 796 809 815 818 825 867 886 913 949 968 1021 1033 1057 1104 1139 1187 1216 1227 1234 1240 1244 1287 1327 1330 1338 1339 1362 1371 1390 1428 1518 1579 1590 1597 1647 1666 1739 1790 1824 1863 1870 1884 1887 1962 1971
70 84 99 103 163 175 188 200 213 295 309 340 353 367 375 387 396 406 420 427 459 498 518 520 532 551 591 612 619 622 659 675 677 810 833 855 877 895 901 922 932 955 1002 1026 1053 1073 1130 1176 1219 1252 1280 1310 1329 1387 1427 1437 1456 1481 1493 1512 1535 1540 1562 1584 1618 1655 1713 1754 1801 1808 1827 1899 1928
49 57 63 69 74 78 106 140 169 180 192 201 202 206 210 234 246 281 329 377 429 432 451 472 548 555 581 618 635 660 680 685 739 741 753 761 816 879 915 950 1000 1005 1007 1030 1031 1040 1044 1112 1113 1117 1123 1149 1186 1208 1225 1247 1303 1307 1308 1344 1388 1431 1446 1450 1451 1475 1502 1533 1575 1581 1599 1621 1673 1682 1717 1732 1741 1747 1772 1786 1799 1865 1868 1892 1922 1935 1946 1966 1968 1969 1980
4 15 72 94 96 108 126 195 223 266 272 279 287 336 350 351 448 462 485 510 536 561 606 647 670 690 708 732 811 887 959 960 965 987 1032 1051 1052 1063 1067 1081 1128 1207 1212 1217 1268 1277 1289 1292 1323 1335 1340 1378 1399 1423 1434 1492 1542 1560 1574 1594 1607 1612 1654 1660 1748 1753 1780 1788 1791 1802 1815 1881 1882 1890 1904 1925 1934 1961
21 40 42 53 90 102 129 161 164 185 214 217 286 398 431 467 507 522 546 549 557 571 655 667 710 714 785 798 812 924 938 1009 1047 1058 1085 1094 1097 1107 1136 1151 1159 1206 1226 1258 1294 1319 1336 1354 1363 1489 1504 1507 1525 1539 1555 1622 1627 1631 1665 1680 1685 1699 1721 1727 1749 1763 1766 1770 1777 1781 1832 1833 1834 1842 1862 1875 1911 1912 1917 1951 1957
17 55 67 101 117 137 179 219 228 235 381 397 399 443 444 445 460 484 526 533 552 640 673 674 689 768 788 791 802 831 844 846 871 889 907 946 984 995 1034 1075 1105 1141 1144 1183 1197 1262 1347 1358 1389 1414 1421 1452 1458 1529 1552 1567 1571 1648 1662 1691 1694 1735 1751 1891
11 64 76 109 131 143 144 145 167 168 207 268 282 293 294 299 307 314 370 378 446 447 508 641 682 727 747 775 789 806 808 826 873 874 890 958 988 991 1011 1015 1036 1046 1076 1109 1115 1177 1178 1188 1194 1200 1214 1221 1232 1273 1295 1314 1332 1341 1350 1366 1402 1403 1440 1501 1505 1516 1536 1544 1554 1573 1598 1605 1610 1624 1626 1679 1690 1705 1755 1758 1760 1773 1807 1810 1811 1919 1933 1947 1972
9 10 24 54 59 104 113 157 196 222 224 258 288 319 352 417 440 441 529 531 556 615 627 658 671 735 772 793 804 820 864 870 884 910 930 934 980 1024 1042 1083 1106 1152 1163 1205 1218 1224 1242 1254 1259 1283 1299 1331 1348 1374 1381 1419 1426 1443 1468 1472 1491 1602 1608 1628 1629 1674 1683 1700 1737 1771 1776 1783 1793 1831 1843 1846 1867 1896 1901 1913 1921 1950 1963 1964 1978 1979 1982
14 65 80 136 150 232 276 310 354 364 382 449 450 473 494 516 528 544 550 580 594 648 681 698 707 722 746 748 754 770 859 878 888 925 975 1023 1039 1082 1125 1133 1134 1167 1170 1173 1191 1196 1203 1380 1394 1401 1407 1420 1424 1433 1459 1465 1473 1495 1496 1499 1508 1576 1603 1693 1707 1718 1804 1813 1821 1894 1903 1905 1918
7 115 118 172 199 265 333 339 357 374 438 475 481 517 527 530 585 650 662 700 703 713 795 823 829 843 854 869 904 929 944 963 982 1018 1025 1027 1119 1137 1154 1228 1257 1267 1285 1325 1349 1353 1409 1418 1442 1448 1463 1511 1568 1593 1641 1645 1687 1762 1764 1816 1819 1829 1897 1914 1923 1924 1927 1939
22 35 56 92 93 110 119 146 197 253 263 304 305 316 325 328 330 337 358 376 436 466 469 493 499 519 538 545 566 582 604 624 692 769 774 792 817 836 856 872 875 880 899 903 905 911 919 926 935 951 970 979 989 1003 1008 1010 1013 1045 1056 1059 1084 1086 1102 1148 1169 1171 1172 1222 1238 1302 1305 1312 1316 1369 1375 1391 1438 1455 1487 1488 1500 1526 1561 1572 1616 1765 1850 1851 1900 1952 1958 1974 1986 1989 1993 1996 1998 1999
32 41 132 135 181 233 345 347 355 359 394 407 454 468 480 502 512 521 524 560 620 628 643 649 665 699 701 706 733 740 743 828 882 927 945 954 969 978 1054 1122 1158 1162 1165 1189 1193 1210 1220 1261 1266 1269 1284 1317 1346 1355 1370 1372 1379 1382 1422 1429 1490 1532 1559 1570 1585 1638 1650 1657 1676 1722 1730 1778 1779 1797
2 43 62 79 116 205 221 237 242 256 274 308 315 318 326 338 369 405 411 434 461 539 559 573 607 632 639 695 711 779 782 863 902 909 914 957 999 1019 1037 1055 1062 1070 1090 1092 1192 1236 1272 1337 1365 1373 1376 1383 1386 1392 1416 1494 1524 1534 1595 1695 1710 1729 1785 1787 1792 1796 1879 1880 1931
33 66 86 121 138 142 151 155 173 198 220 283 290 317 368 386 413 422 424 433 439 479 483 487 490 523 568 575 577 579 597 621 683 687 745 755 756 763 781 800 824 841 849 883 897 900 948 981 1050 1098 1126 1135 1150 1181 1253 1265 1291 1301 1306 1321 1328 1334 1395 1412 1435 1436 1453 1482 1485 1515 1556 1558 1577 1580 1582 1588 1635 1659 1681 1698 1712 1738 1757 1769 1789 1806 1817 1823 1837 1916 1920 1937 1942 1954 1981 1983 1988 1994 1995 2000
31 51 91 124 141 152 158 165 174 187 212 215 231 236 250 254 280 298 301 311 332 344 366 389 404 419 442 455 456 488 501 534 535 537 541 542 610 636 719 730 744 762 780 801 807 834 837 881 898 964 972 973 976 985 1006 1038 1048 1091 1110 1147 1204 1243 1250 1263 1264 1297 1304 1324 1361 1384 1393 1396 1397 1413 1486 1498 1513 1514 1527 1541 1551 1591 1601 1697 1714 1716 1723 1761 1818 1844 1848 1908 1953 1959 1977 1984 1990 1997
8 13 16 25 26 48 85 97 120 160 183 184 218 229 244 365 403 412 453 511 574 653 661 691 694 696 776 827 921 928 933 936 941 974 990 1001 1004 1077 1111 1124 1156 1229 1270 1293 1367 1398 1400 1503 1537 1553 1557 1604 1609 1632 1664 1675 1678 1703 1728 1734 1820 1866 1940 1943
60 61 89 123 133 208 238 259 291 341 361 371 416 452 495 497 569 611 616 623 669 672 684 751 752 766 822 847 912 916 918 920 940 971 986 1069 1088 1120 1131 1143 1274 1425 1432 1471 1479 1484 1538 1543 1569 1615 1619 1620 1630 1637 1677 1688 1702 1726 1731 1740 1742 1750 1756 1774 1794 1828 1888
95 125 128 148 162 171 251 302 313 323 342 363 379 395 410 418 425 463 471 477 572 587 593 614 728 797 819 839 845 852 858 866 894 967 983 1020 1129 1161 1199 1248 1251 1313 1445 1461 1469 1476 1478 1506 1509 1522 1531 1633 1643 1663 1689 1708 1724 1746 1767 1768 1812 1835 1852 1889 1902 1910
19 27 37 38 247 270 327 409 414 543 567 584 589 645 736 750 790 803 892 896 977 996 1014 1017 1029 1041 1061 1068 1096 1160 1164 1175 1237 1239 1282 1352 1357 1359 1411 1439 1449 1477 1519 1592 1617 1642 1644 1667 1669 1692 1711 1736 1775 1803 1840 1841 1858 1873 1874 1885 1926 1930
3 18 29 52 73 82 83 87 122 130 139 176 225 271 284 306 312 322 334 380 423 478 489 504 513 564 590 602 603 608 656 717 759 773 799 821 838 842 853 862 885 891 917 923 952 1064 1072 1087 1116 1127 1166 1202 1211 1233 1246 1256 1276 1281 1286 1333 1342 1385 1410 1417 1460 1470 1517 1530 1547 1548 1549 1613 1623 1651 1652 1661 1720 1733 1744 1752 1838 1839 1854 1857 1893 1929 1956 1960 1973
23 28 47 81 182 189 191 227 255 261 296 331 383 391 415 421 437 458 491 496 503 505 514 598 599 609 629 652 657 686 704 715 737 767 771 777 783 835 943 992 1022 1065 1071 1118 1157 1213 1215 1271 1279 1300 1311 1318 1564 1606 1611 1614 1639 1656 1658 1701 1795 1800 1814 1830 1845 1859 1864 1871 1877 1895 1932 1948 1949 1955
30 34 46 68 100 111 134 159 177 190 209 211 239 262 273 278 297 300 303 320 346 362 390 392 400 465 540 553 595 601 731 931 937 947 956 1012 1016 1035 1049 1066 1080 1114 1145 1153 1230 1231 1235 1241 1343 1406 1462 1467 1523 1566 1586 1600 1634 1649 1670 1696 1706 1759 1784 1805 1856 1861 1945
12 20 44 88 98 170 194 248 277 289 343 349 385 428 435 515 547 565 613 617 676 709 712 723 784 787 848 850 860 868 876 908 942 1060 1079 1093 1100 1146 1190 1195 1245 1260 1290 1296 1326 1360 1368 1404 1430 1441 1464 1483 1510 1625 1636 1668 1686 1715 1798 1826 1860 1907 1941
