760 1182 1550 1684 1883 1965 1967 1970 1975 1976 1985 1987 1992 388 749 500 1672 506 1298 1138 1457 45 216 260 230 114 1898 408 1944 1320 697 1671 939 1377 245 1991 644 1906 633 1454 592 1444 786 605 1745 1520 998 1132 814 764 832 1309 1322 226 1447 1078 1028 1869 476 335 373 1255 630 563 1275 193 663 861 356 666 1589 638 664 1095 1345 1653 1408 734 1351 1646 1288 149 58 1099 1108 324 249 1103 1315 1364 906 525 637 794
519 911 1850 1851 1952 1974 1986 1989 1993 1996 1998 1999 935 376 253 856 1010 1455 919 926 1148 1765 146 35 1526 1572 436 92 499 903 769 1171 358 1958 951 466 1086 1438 1616 1369 1013 316 989 1900 1316 1008 582 624 1312 538 1084 875 1305 1500 1045 1056 970 1059 1102 566 1169 774 1561 1238 337 1172 493 1488 93 469 692 197 119 836 1375 304 110 872 1487 1302 604 817 1222 22 263 1391 545 792 899 979 56 880 1003 328 305 325 330 905
671 1602 1700 1846 1867 1921 1950 1963 1964 1978 1979 1982 1242 1374 556 10 59 735 930 1629 658 1083 1608 319 1163 1259 772 1299 288 1491 934 196 1843 224 870 1913 441 157 820 417 1896 884 258 1472 1771 1024 1674 1831 1793 1224 1901 1468 1283 1042 1783 1737 9 352 864 24 1776 54 1443 222 1381 1218 1628 793 1683 1254 1106 529 1419 1426 1331 440 980 531 1348 804 1152 615 627 113 1205 910 104
1515 1577 1635 1757 1937 1954 1981 1983 1988 1994 2000 479 198 1301 1436 1321 1306 142 151 1181 1789 1328 756 66 745 1485 1588 413 1659 1582 86 1738 755 1395 1698 1837 883 1916 1412 1712 490 1995 33 1580 1681 483 1823 1556 824 1817 433 1942 1482 523 1920 568 575 1453 683 1291 981 368 283 1150 1334 1253 1806 487 1558 424 386 173 1126 1135 1098 948 439 849 138 220 579 1769 1265 621 422 763 1435 900 800 121 1050 841 155 290 597 781 897 687 317 577
19 1282 1617 1644 1803 1841 1873 1874 1885 1926 409 996 1477 1175 1592 1160 1667 567 892 1669 1642 750 1449 1840 1930 803 1411 1711 1061 1357 1858 37 1775 27 1164 247 1352 736 1692 584 1041 1439 270 589 1736 1519 977 414 1096 543 1359 38 1239 1014 1237 327 790 645 896 1068 1017 1029
36 384 1743 1809 1853 1855 1886 1909 1915 1936 127 953 401 1640 1155 457 576 583 1185 1878 1587 1121 1709 257 1719 1089 1521 693 275 813 1466 1278 186 588 1474 1578 112 1876 360 147 1179 75 729 1847 241 1528 1168 482 688 1043 240 267 705 865 1563 1209 830 166 718 840 726 430 554 1101
1606 1614 1701 1800 1845 1859 1895 1948 1949 1955 686 491 383 1215 391 1118 652 1795 657 777 943 771 629 1311 1065 1300 1639 1932 1814 514 47 715 1656 1864 1213 1318 737 599 1877 458 1279 1564 1658 296 1830 28 1871 1611 1271 1157 182 255 421 191 261 496 783 189 598 1071 505 609 415 992 1022 835 767 437 81 23 704 503 227 331
1110 1397 1513 1514 1818 1908 1977 1984 1990 1997 389 807 898 719 535 542 1498 236 301 442 455 973 231 1038 1297 280 1716 332 1953 744 1486 1723 1844 152 1204 1601 1243 404 1324 1527 1959 141 534 31 1697 1761 636 1848 1541 366 1714 541 1591 1304 1393 1361 215 1384 311 419 985 488 91 1396 1048 881 1264 1091 964 456 801 1413 250 254 344 187 972 1551 212 834 730 1263 780 1006 610 837 762 976 165 537 501 51 1250 1147 298 158 124 174
1119 1409 1641 1645 1829 1897 1914 1924 1939 1257 1285 333 1593 118 1325 1764 929 795 650 963 265 1923 713 662 1154 1568 7 1816 1463 530 843 829 1819 1927 481 823 585 1511 1418 438 1687 1762 517 1448 944 172 374 1442 1349 1228 1137 527 1267 475 904 1025 357 1353 854 1018 1027 700 869 115 199 982 339 703
90 507 1727 1862 1875 1912 1917 1951 1957 214 546 1085 398 549 785 1777 1226 1354 1107 1622 1504 1749 571 1159 1525 1770 1258 1911 1665 53 1058 798 1842 522 1699 1363 42 1631 1832 1834 1680 557 1336 1009 1685 1781 1094 1206 129 467 1627 1151 1097 812 655 1555 1763 1833 1489 185 431 1507 938 1539 1766 1136 924 161 217 1294 1721 40 1319 102 667 714 21 1047 710 286 164
1277 1560 1788 1791 1802 1881 1890 1925 1961 1399 1594 887 1128 96 287 1032 536 1423 1904 1335 1780 1052 1934 1051 1434 1268 448 1882 195 1542 351 561 1292 690 1748 1660 1217 1753 1063 94 1212 647 1574 1207 708 15 485 1654 1081 960 1607 1612 1492 279 811 1815 1323 266 670 1378 72 462 272 108 732 1340 4 606 987 965 1289 336 510 959 1067 126 350 223
723 784 1441 1636 1798 1860 1907 1941 88 1260 343 613 1668 1464 1360 1245 1430 1190 908 1146 1326 868 170 1686 1079 515 617 1404 1483 435 850 1715 248 1368 1510 1826 98 277 1100 194 1060 848 1195 1625 876 1296 349 712 1290 428 12 942 1093 20 860 676 787 289 44 547 709 385 565
739 1112 1772 1868 1922 1935 1966 1969 201 49 234 1247 1344 57 329 281 472 635 1308 1450 1040 1747 429 1946 1208 180 1303 432 915 1892 816 1451 1682 106 1980 74 1968 1225 1673 1799 1005 1533 1575 1113 69 1149 555 1865 618 879 246 1741 1732 169 1717 451 78 206 1599 1007 680 581 1117 192 1123 1307 1786 140 761 1621 1031 1502 1581 63 1446 950 1030 1000 210 1186 1431 1388 1475 753 660 1044 202 548 377 685 741
694 921 1632 1678 1703 1866 1940 1943 16 48 13 97 160 1077 1675 1156 218 1004 1124 1400 1537 1728 229 574 1664 1111 1553 1398 365 1820 928 183 1609 1734 990 1557 8 941 776 1503 184 653 1001 1270 933 25 974 85 26 244 1229 661 696 936 1604 453 827 511 1367 412 1293 691 120 403
746 1023 1401 1821 1894 1903 1905 1918 14 544 276 1134 1173 65 1813 450 1039 1718 354 1424 975 1465 748 136 1407 310 494 1170 1804 528 1693 1082 1473 516 1459 1380 382 1167 1495 1191 364 698 1496 1603 1707 707 449 859 1394 1196 1508 1420 888 550 1576 1433 925 1125 878 1499 722 1203 232 1133 770 594 80 648 580 754 150 473 681
679 1174 1180 1822 1825 1849 1872 1938 509 252 702 716 778 562 470 857 1565 1249 1704 1497 1184 1545 668 402 1546 1725 1836 1583 757 966 1415 292 1201 1782 1405 1223 805 893 962 1596 1356 994 724 1198 993 642 77 1480 961 1074 742 1140 997 153 6 578 654 1142 492 725 678 851 625 105 348 204
159 465 1343 1523 1566 1805 1861 1945 1462 1241 239 34 1145 1649 211 601 595 111 1856 1696 1706 300 1784 400 297 1235 931 1153 947 1406 1759 1586 390 1114 1634 30 273 1670 1231 46 553 731 1230 956 346 134 177 1467 209 320 1066 1600 278 100 362 1049 1012 392 303 1035 540 1016 262 937 68 190 1080
799 952 1652 1838 1854 1893 1956 1960 504 602 885 1470 1233 1087 1460 1547 225 923 1064 489 284 1720 29 1973 656 1651 1246 1530 1342 1202 1733 1623 1276 891 1752 862 1549 1166 1857 3 1929 1127 1839 1517 176 853 821 1072 82 717 1744 1256 1548 838 1613 1661 83 73 478 759 1417 1385 130 122 1333 513 603 380 590 322 773 1281 1286 1116 139 842 306 52 917 271 564 608 1410 18 87 1211 423 334 312
845 1461 1643 1767 1835 1889 1902 1910 95 313 1129 171 614 819 894 1724 852 477 1509 1478 1768 363 395 1689 1852 418 1812 1531 1251 1506 1199 1708 1476 1469 839 410 983 302 323 425 728 1746 1248 342 1161 471 1663 572 1313 1445 797 1633 1020 125 251 128 1522 587 967 866 162 593 379 858 148 463
131 1501 1758 1811 1919 1933 1972 747 1214 1194 299 1332 1536 1011 293 282 446 1573 1221 1076 1505 1188 1810 1705 168 64 1947 1554 1273 1773 370 1679 1690 1626 109 508 1366 1440 167 1403 1624 1605 1544 1178 1755 1350 1807 1046 268 378 314 307 806 1314 1760 1295 1036 874 1232 789 890 145 775 1015 641 1610 447 873 294 1402 1516 1341 1598 11 826 727 988 1200 958 1115 143 991 682 1177 808 207 76 1109 144
1 913 1590 1863 1884 1887 1971 825 758 71 651 178 1227 1371 1666 269 796 1518 1790 1330 596 600 765 1139 464 1033 243 264 1597 1962 809 1870 426 107 1216 558 474 1647 646 968 1362 1339 949 1739 1021 1244 1428 154 1824 1057 393 818 39 634 815 1390 1579 1187 738 203 1287 867 1234 1338 570 50 720 631 5 486 886 156 372 626 721 1240 285 1104 1327 586 321
315 957 1386 1695 1787 1879 1931 338 914 779 1337 863 1192 902 434 1729 405 1037 909 1710 639 1376 1383 1494 1796 116 1236 1792 1785 221 1880 695 1392 411 2 256 79 1365 461 1070 1416 559 1090 1534 1595 1373 1524 782 999 1019 1055 43 573 607 242 318 632 1092 1062 326 1272 205 274 308 62 237 369 539 711
291 1143 1471 1742 1774 1828 1888 1274 1615 1484 371 751 416 1702 1677 918 1088 61 1794 940 986 452 1637 611 238 1543 495 752 1619 1538 259 1731 672 1630 1750 1688 341 1726 766 1425 1131 1569 569 1756 916 133 1620 1432 1740 123 616 1120 684 847 912 1479 623 208 497 669 361 89 971 1069 822 60 920
675 1329 1437 1713 1827 1899 1928 1280 1618 877 175 396 427 612 1562 387 922 459 1053 213 518 1584 84 1252 1219 1387 520 1073 375 1456 1808 1512 1176 955 99 1801 353 1754 619 1310 1026 1540 70 591 200 1481 1535 932 1493 901 810 406 498 367 1655 188 659 895 833 1427 163 340 1130 677 1002 103 855 532 295 309 420 551 622
454 740 1422 1559 1779 1797 649 502 1570 978 345 1778 524 394 1657 628 699 1532 733 1722 1370 1054 181 1429 1676 1382 1490 1650 954 1193 1261 1346 347 643 945 1355 1379 1165 882 1210 1317 512 1266 1284 32 1162 927 233 1269 1158 1585 1730 706 1638 701 359 743 1189 969 135 407 132 620 560 1372 1220 828 521 1122 41 665 355 468 480
907 995 1421 1552 1735 1891 67 117 689 1358 443 526 673 791 1075 1183 1567 444 1452 235 871 1458 1662 788 984 1691 844 1694 1389 1648 17 484 946 1751 533 445 1529 768 831 1034 1262 1571 1197 1414 1347 179 381 1105 846 460 1141 55 399 674 802 101 552 1144 397 640 889 228 219 137
