179 214 1764 1787 1876 1878 1904 1941 1953 1957 609 1377 680 1235 1677 397 1077 1268 684 750 1960 545 1656 134 1758 1199 1167 918 1844 1152 490 440 566 1742 1975 1691 1965 784 737 1951 624 1058 300 1239 325 1300 1602 1161 1216 640 1548 832 1502 959 1151 1017 536 551 955 268 935 417 839 
1287 1338 1478 1615 1844 1868 1945 1957 1973 1985 194 1448 1700 523 1465 69 1624 638 1504 1192 1745 891 222 348 1793 481 1758 1098 1681 179 1869 1428 1673 379 1935 1687 1046 385 1648 1228 1551 777 912 1345 1339 963 1741 392 1532 866 1598 1784 1179 881 711 1320 1181 78 432 299 920 1310 1073 261
596 989 1496 1626 1643 1714 1940 1974 1997 630 1613 170 452 1366 657 1377 1583 1919 1066 393 646 1745 1335 128 1963 612 1317 1838 1220 1774 959 488 1169 1361 138 1854 411 1822 581 1697 895 948 1326 1262 1202 129 1893 297 1543 1379 751 1256 333 923 267 725 544 394 153 441 649 245
599 1568 1673 1749 1789 1841 1869 1970 1989 1193 967 828 607 1671 1934 909 1817 456 787 1782 1918 660 1979 608 371 647 1916 1248 753 1180 1707 69 1953 409 1900 336 510 1460 1734 1291 1269 1695 1686 644 823 460 1215 1443 1270 197 369 1173 1623 1272 878 239 813 99 947 496 767 526 190 255
800 1027 1202 1802 1851 1903 1908 1927 1963 42 124 64 1466 1456 1498 762 1694 1431 313 1929 75 572 1907 966 289 1162 1791 1570 1501 470 1837 1666 1449 574 899 1909 776 96 1767 1687 1221 933 152 633 1361 535 1034 1111 1471 1229 585 292 1018 1684 928 1481 507 340 827 557 437
1221 1509 1593 1768 1840 1883 1920 1931 1983 370 578 1112 681 513 228 1238 1037 1014 1672 1071 698 1148 1644 774 1384 1834 1416 1582 1473 867 714 1667 1640 1117 809 968 1751 1307 1504 1635 1698 1804 1591 1061 677 1630 123 324 1460 956 946 1873 1674 1678 1095 1109 868 1157 1116 780 1072 277 704 1155 693 5
458 651 1690 1769 1862 1893 1897 1917 1942 387 83 868 667 1824 425 1709 1848 1632 141 1924 276 1537 1020 1668 783 1923 24 493 331 339 1103 1625 617 1434 54 1022 70 162 1282 1820 1365 1572 1712 672 104 1722 1825 1508 922 1087 58 847 399 328 1089 1314 973 502 781 29 1043 1415 1118 852 689 888
995 1023 1669 1693 1815 1819 1888 1966 47 173 1063 1334 1506 549 1849 1132 1595 632 215 1798 1842 1213 1245 583 1396 1078 1109 1642 851 1956 287 929 1054 988 1042 773 1265 434 1435 675 98 334 536 794 1148 1102 150 923 1400 298 354 568 315 716 113 690 750 521 360 969 10
746 1555 1782 1808 1816 1881 1965 1982 654 105 1448 402 1490 686 1355 1596 1096 836 1574 787 1050 1972 743 51 1204 1218 1259 1689 641 786 1698 946 1459 1451 1667 1303 1159 1871 1935 1054 1635 1378 1011 1810 1879 1474 1659 1087 1527 576 653 1147 1835 286 125 408 1332 1274 874 1421 205 463 355 571 469
591 692 1395 1785 1885 1906 1908 1915 437 1250 294 701 489 1216 1900 1518 1580 1772 742 558 1382 1463 1228 1627 1933 1418 1070 115 39 1664 662 1711 1863 820 1419 1088 1648 532 305 317 227 631 648 180 903 246 1599 36 1077 738 1014 428 182 1053 38 1206 41 1003 188 1140 356 405
842 973 1068 1794 1820 1864 1911 1986 834 864 1555 1150 785 1612 171 400 1977 685 1105 1729 1280 570 1103 1605 1074 1962 177 1299 1663 914 537 633 1226 1930 257 1871 1474 1565 1298 653 219 1896 1012 87 131 962 1025 1403 853 1294 1464 1032 240 454 76 301 1539 1006 1615 657 916 991 1045 225 206 1724 248 1392 155 1560 72 723 594 1195 1273 523 580 883 1734 1241 429 734 1277 1191 417 266 4 865 389
844 857 1301 1831 1902 1941 1955 1983 166 525 1513 1105 543 448 587 1760 139 1795 1913 281 1264 1017 944 1147 260 1801 1437 513 1639 1971 1704 1591 15 807 876 304 1528 907 1089 9 1153 1636 1137 1360 1303 191 797 1333 674 1710 948 87 283 1467 976 1343 1643 1282 783 470 1207 13 603 819 1387 278 921 1200 1123 1082 1334 1492 92 182 943 103 16 612 796
301 1321 1432 1482 1852 1949 1980 1998 921 708 71 864 1169 1195 1049 1462 427 696 1847 236 1989 796 1994 18 1283 1829 275 533 639 460 485 988 1880 886 1966 1420 1114 93 1491 1823 1189 424 373 978 1208 1246 1263 987 1084 33 1358 1267 1554 597 175 1573 102 1610 1821 1390 139 122 1564 1411 342 193 951 421 107 169 397 1 81
274 740 911 1306 1544 1765 1879 1981 1224 1332 360 1703 1738 1481 1129 1585 579 689 806 1914 512 585 1421 1113 920 1445 1207 1485 438 1396 361 149 1773 756 1749 1855 838 1486 296 6 1138 62 1000 1740 491 1538 743 23 933 859 733 165 1184 1049 412 436 974 371 1511 262 40 34 625 307
878 1189 1427 1450 1642 1807 1952 1968 80 251 749 1412 802 1601 745 971 1336 1785 1830 1546 46 1872 575 1124 263 768 1770 1812 1262 136 1343 1078 851 1172 1823 1522 1497 1271 1351 954 239 1224 1628 695 688 438 1712 1005 1663 345 669 1296 757 127 1376 549 730 724 318 408 604 588 764 27 486
124 478 1567 1806 1851 1926 1927 1997 243 1000 1362 762 1295 544 24 991 774 507 1454 519 1792 770 798 1346 1590 1324 1633 775 1171 1998 522 1981 217 998 1404 1589 720 159 1064 1441 1314 1744 1104 375 1958 1524 1541 1254 2000 1874 1715 1130 1397 659 1493 1240 573 1281 351 501 1290 1373 1251 1230 1832 546 427 1369 525 486 164 504 550 269 201 666 608 145 101
316 941 1286 1408 1525 1636 1928 1999 957 1269 181 147 1531 208 163 1372 848 1987 1616 1142 1905 1520 433 664 1438 1926 149 1846 1633 1227 1699 1825 817 1383 803 875 1692 1341 1335 896 1585 902 461 494 1436 1359 1374 1342 569 97 1413 1549 687 870 1410 731 744 475 32 132 1198 855 1 717 969 1028 1042 100 710 1257 1021 487 515 169
65 1461 1665 1718 1736 1799 1845 1945 130 352 176 244 1780 1210 1133 1741 874 1467 1138 1657 1577 678 256 1944 346 1841 1655 30 1740 1009 965 1819 614 1948 1048 1705 1298 350 561 1700 1318 516 108 655 791 48 1601 464 471 1559 366 282 341 430 1146 1101 355 129 37 305 162
474 1390 1622 1850 1922 1943 1955 1995 143 592 741 357 1001 288 1786 92 683 1652 1002 997 1641 1034 1805 931 1309 1624 722 780 90 1121 1992 218 1925 1106 1239 1647 1910 1246 628 1174 545 989 533 482 375 833 1677 22 1179 1296 74 1110 845 941 646 1645 812 197 1284 189 772 1566 1315 863 472 684 1030 1168 1441 1134 105 636 1250 1242 113 686 840 1194 335 613 690 1266 272 156 285
1227 1330 1725 1764 1774 1876 1884 1905 1164 204 1317 1959 727 299 778 865 789 1903 1099 984 1606 1144 483 471 1329 1559 784 1119 1562 1177 715 794 1668 999 1925 1006 1024 46 1458 290 1166 1608 1092 1651 314 1912 1186 1108 1704 1258 655 917 509 1439 1261 755 132 1618 1526 372 1768 1537 862 9 630 11 776 1123 1398 982 599 284 407 88 242
760 1337 1506 1579 1776 1870 1996 1999 1429 49 1558 1647 1787 1223 231 334 952 341 385 1931 1243 8 1403 245 253 1984 405 1029 1127 376 1260 1069 547 1801 1769 1234 926 1827 51 1306 1824 1976 395 367 1430 800 980 233 801 1458 143 180 1301 152 1241 960 1205 1214 530 23 775 178 77 275 514 597 313
241 763 1655 1660 1838 1954 1970 1990 632 736 53 337 71 1735 1545 422 1784 1650 752 26 1696 1777 558 866 1486 945 186 1435 1225 1492 1798 1754 956 1063 1070 1008 1781 595 54 1661 673 1289 908 1534 555 882 1522 173 1850 367 485 43 1242 141 1137 692 31 196 19 1649 517 913 1158 277 57 494 1003 442 339 207 199 376 877
1111 1351 1756 1786 1788 1894 1992 1996 656 514 1191 901 204 1778 1347 565 300 1852 426 637 1547 1106 86 195 1773 896 1747 1961 1263 1717 593 1045 1914 499 1495 806 538 423 1333 1818 1505 1466 1748 746 510 925 1058 1067 1688 1255 1678 1278 118 1153 620 489 6 1649 1322 559 1232 702 1620 623 1475 631 115 1259 1212 1101 13 181 986 73 643 580 31 826
990 1578 1627 1719 1828 1866 1984 43 491 1209 1180 370 823 193 1360 1717 610 122 1561 1832 214 350 1330 1952 1713 929 1932 381 1808 1853 578 1730 679 1355 873 1323 715 263 1775 1889 1596 790 1557 402 1576 1521 1341 1367 1472 321 560 1294 304 938 306 1605 177 730 479 311 337 1391 779 736 477 1165 1407 285 1326 1015 1299 297 224 233 658 817 148 74
365 393 1088 1156 1381 1701 1872 121 724 962 1136 1839 1487 265 1313 1947 1535 643 1919 1252 310 37 891 1295 1413 1762 699 1793 7 465 575 144 1424 1489 216 600 1632 480 1665 1813 1339 363 1178 329 1484 802 795 1679 506 1600 801 841 822 1083 268 79 230 235 484 135 125
223 706 1079 1751 1937 1987 1991 768 2 472 1468 423 292 1878 1380 867 25 567 89 430 1222 1564 877 1604 1102 1201 568 1653 1384 900 431 658 176 634 418 343 1817 1233 1056 521 1249 1357 1426 1433 1590 1065 102 271 966 47 1611 1454 1727 64 739 501 1244 1039 1188 518 1139 158 1587 445 535 589 319 248 59 853 242
222 660 1397 1653 1857 1860 1882 388 249 1727 457 378 1352 566 1152 1783 735 281 1190 671 843 433 1887 1754 20 380 1752 795 1265 1815 142 1790 814 1464 963 1746 1081 1739 1182 503 1571 1847 576 898 36 1719 1016 1252 293 1285 156 419 1457 279 1328 826 310 312 645 713 209 687 225 400
1125 1292 1638 1662 1816 1928 1940 841 850 895 413 1463 1875 982 1680 191 786 704 616 1913 1549 1892 1363 278 1409 419 136 1646 1939 900 1174 1470 993 256 1406 1135 571 596 1837 208 349 1047 1247 1276 42 234 1457 754 195 1930 680 1275 1588 1402 1579 862 322 546 765 815 522 1108 915 1205 260 733 172 32 707 436 66 422 342
1131 1245 1556 1709 1732 1910 1938 121 782 273 620 372 1212 781 986 1576 1713 362 1588 1656 1514 425 789 1519 118 387 1690 1790 83 404 1427 1622 1099 1840 164 1645 904 770 1865 880 1030 1889 972 1008 1080 622 1365 466 619 1027 1772 822 742 1542 1254 1533 295 1567 498 983 625 1471 1305 473 445 174 84
981 1550 1767 1779 1898 1944 1954 399 128 1110 833 39 1015 93 1444 892 379 1670 462 556 636 1229 1612 1839 1614 209 96 171 1170 1797 1568 1162 229 1780 1438 711 167 1765 1200 1322 465 1502 581 336 1011 651 418 872 1375 1203 154 953 392 1219 386 563 1231 1573 421 98 199 1258 508 1178 111 353 52
1144 1300 1470 1532 1708 1858 1891 314 1752 441 497 1388 759 1739 785 827 1182 1081 15 1644 738 309 1676 735 1352 410 1976 970 732 1158 1327 1863 1915 1800 805 579 1777 45 1901 459 178 934 1163 44 1483 978 610 529 150 1761 1437 1500 846 14 1139 206 1861 1423 505 357 120 1033 542 892 361 764 1422 942 916 834 884 499 160 38 709 72
382 1357 1434 1480 1571 1843 1890 1461 932 961 1536 1199 516 1519 1154 344 363 732 1031 1116 1021 1718 1770 1320 1244 1849 1891 1395 831 1906 404 524 1829 1251 1160 1979 1657 531 1393 505 993 1856 1468 1488 1888 354 17 323 1386 1068 1795 1994 446 751 1415 35 1543 1551 303 1353 1946 910 670 611 1275 1163 362 70 1562 502 1762 1345 295 5 1118 679 112 1060 565 455 520 1472 1237 409 340 1076 1236 1331 490 602 1176 161 55 157 718 167
383 1483 1771 1803 1894 1899 1988 431 1233 401 1433 678 924 1342 1666 710 1399 1128 68 1991 192 1079 554 1540 873 200 1447 1584 872 955 1052 217 577 628 1315 972 1284 1641 527 1350 1136 830 1064 1465 359 886 1155 1558 226 1067 621 1577 1490 457 1936 1552 449 744 1593 49 1100 1429 1201 897 506 1309 1126 974 1722 1378 754 1651 1453 520 773 63 1113 104 1243 391 153 330 78 728 188 210 961 318 146 166 381
1104 1222 1689 1725 1738 1760 1826 529 840 1545 151 1911 647 617 1240 50 1287 1383 1650 847 869 1514 1499 927 1929 101 1074 270 1187 111 882 1025 975 1858 1231 1723 1595 713 378 818 1444 1491 980 1516 531 761 1177 207 734 707 1597 326 264 1381 1143 831 1451 82 543 871 741 534 1175 252 1002 788 228 420 821 858 373
189 674 1114 1310 1948 1975 1977 29 1747 168 1290 319 1238 1501 291 1346 1344 856 478 1695 1811 564 1337 1255 1912 1321 1946 174 48 1638 1813 885 587 1394 908 1475 810 811 1619 1090 1157 349 1845 1194 1401 1525 1618 745 1634 1654 552 447 553 990 1702 1020 551 675 937 803 264 721 897 170 116 28 79
18 682 952 1449 1737 1860 1968 556 145 187 365 415 265 666 1535 861 1743 1327 1836 414 1329 328 779 269 1706 1726 702 949 848 601 247 84 1210 210 258 642 439 1086 1401 259 250 1083 790 109 1150 698 885 860 463 696 609 574 290 761 358 458 20 758 123 236 757
1168 1285 1517 1874 1885 1886 1974 598 1417 67 584 958 1836 930 1394 126 327 629 22 291 1541 1090 94 1748 855 652 668 398 621 1789 1924 480 1587 391 1264 854 928 1909 1367 321 1107 1866 1080 1853 1291 1232 1982 1546 1270 1565 1646 1507 312 488 971 60 1075 964 1553 241 998 468 919 914 1325 567 879 137 1880 619 280 476 158 1135 34 911 1112 1213 648 1004 286 659 859 635 424 1023 95 1235 1149 325 915 712 184 133 415 482 108 528 226
641 1033 1393 1861 1884 1959 1988 271 323 1371 818 893 849 232 719 1141 1932 479 511 1802 772 1277 1445 586 706 1196 922 1575 1510 1581 1621 845 1293 1075 1583 1324 907 1743 155 1149 1062 1344 495 1237 1707 979 985 697 1312 1661 1534 1607 669 1272 1097 1566 1316 1374 1319 1379 1446 688 1428 898 383 539 953 213 951 211 1171 3 572 804 58 540 694 238 201
1188 1297 1607 1733 1830 1846 1933 187 1412 705 582 1134 1059 1305 497 524 11 830 1842 1556 1544 443 1038 1145 1159 322 1557 887 960 1614 309 1619 1750 1604 932 1489 1533 1057 91 119 1729 99 1450 957 1442 726 824 1071 1349 691 1276 487 987 708 1043 316 1056 344 997 382 346 211 401 235
439 793 1156 1166 1867 1875 1990 1684 824 1512 976 1084 1864 875 1479 1477 1529 1336 1422 218 1353 1964 327 1681 1349 89 88 1799 352 902 1978 1640 1167 1710 808 1419 1012 1117 1882 852 1386 386 1630 590 1814 518 994 1288 384 1763 1085 1173 55 763 1625 550 584 353 1311 716 718 1806 1036 1430 332 858 28 223 663 1059 816 829 53 21
444 1133 1418 1503 1867 1917 1923 540 16 2 889 1016 728 1814 1176 75 618 1523 1901 603 695 644 650 771 21 1217 1261 116 1170 1185 440 588 1796 1804 1086 1439 883 1675 1480 1854 1904 219 905 1226 1883 293 1843 1554 970 467 1031 1100 1637 1304 1775 829 1410 1085 1660 1669 302 894 1611 1145 622 1051 1524 60 879 416 1141 473 403 1053 812 147 798 737 1267 503 450 676 203 215 747 200
792 844 1026 1288 1763 1902 1995 80 857 1013 451 1197 1652 1253 1399 1484 999 1005 994 1608 45 117 1423 184 570 1127 429 1520 1323 14 1359 1920 114 1373 1685 390 1340 1350 1603 1530 1406 1414 1402 1967 1325 748 791 1462 814 131 1609 685 279 936 1190 1140 645 1120 106 816 255 515 1753 1443 1131 1154 1225 1436 1527 468 541 1028 927 700 127 175 1208 289 183 366 338 347
1404 1499 1658 1672 1833 1862 1951 1302 880 1142 120 1062 464 1791 1455 246 1732 1331 627 700 758 668 752 1598 1473 1621 227 672 1041 1778 324 1720 1093 1542 406 1076 107 940 1705 939 1328 926 1391 1220 1091 1715 992 261 788 274 100 1368 694 1281 500 435 213 562 26 1411 825 759 778 722 593 196 938 398 86 368 160 163 251
760 1278 1405 1414 1659 1686 1792 1409 1385 212 267 552 548 1505 90 56 1973 1348 1890 1051 665 1479 528 1761 1683 284 1018 1069 1440 1453 1610 1478 1670 2000 1755 1691 837 1800 1247 17 161 1671 1733 777 1164 1735 1130 1886 1737 1304 1697 1828 110 135 114 220 1307 846 1495 1469 1728 805 1759 1805 1711 1494 240 652 63 541 157 1183 270 406 808 934 495 635 1007 384 1122 769 539 420 435 820 1010 25 442 57
484 909 925 1675 1688 1943 1960 146 1338 530 1132 1694 1354 656 681 1456 582 110 1788 432 1877 330 1186 416 615 1236 1146 1796 1392 649 1405 192 899 1654 1870 1416 426 467 1834 1279 68 1746 1431 351 1582 714 1129 1570 1115 1531 1274 1363 202 1628 819 1035 1594 307 807 1366 1512 1387 76 766 326 1007 604 1223 332 1097 1375 443 66 799 62 638 1297 377 30 103 338 910 719 12 538 739
890 939 1044 1631 1794 1942 1969 288 335 590 555 893 1629 1308 1744 838 607 1937 930 983 1993 1865 1706 1485 148 968 1198 224 559 1962 767 769 1547 205 1115 1065 1594 331 1055 1389 1620 1950 1766 308 1810 1218 1185 1807 198 589 1728 623 1685 888 448 1266 1859 835 912 1552 1124 950 1783 41 849 1493 881 935 1561 1600 347 250 1599 1060 804 639 1318 703 547 1082 359 1050 56 202 112
602 890 1151 1209 1892 1918 1934 59 477 1631 343 512 348 1061 1389 1476 1634 390 1896 303 1626 1818 634 1606 1340 1969 1803 1094 1539 693 1376 1193 640 469 1856 1382 1964 1617 1629 629 904 663 1052 1699 1248 1442 1721 82 1446 1921 508 1047 44 138 1958 954 1293 627 1095 1592 483 1827 1469 1731 1372 1702 1040 1538 1488 691 810 1716 699 729 937 642 1526 906 996 1004 130 287 294 613 474 863 368 117 234 253 1039 140 276 216 320
1035 1417 1528 1613 1664 1855 1887 67 1356 1316 615 1408 870 1197 1091 1515 185 85 977 1029 1731 1312 1066 1319 1037 1509 1073 1347 1510 1857 4 1172 942 1895 1371 1676 1848 452 356 1107 414 1967 1398 492 626 723 860 1036 1609 1380 509 606 221 1703 598 1572 1498 964 1128 996 725 1400 407 97 526 73 905 1494 243 252 50 894 1482 992 364 259 254 537 600 231
825 1279 1523 1724 1921 1956 1476 33 1354 1206 985 1592 1637 595 594 1972 1013 1289 220 1835 1831 444 1986 705 637 1425 1507 1811 677 1407 1757 1385 943 1024 1040 1683 1508 1503 273 1487 1938 1826 548 1048 1511 726 454 283 626 1949 1881 836 919 592 1530 1313 1877 1001 1041 461 605 1756 1521 1388 654 832 1809 151 889 901 958 670 749 165 1447 238 931 560 306 85 298 821 428 1356 320 940 977 257 396 504 815 671 661 168
573 1032 1192 1425 1895 1907 496 317 262 1183 1714 1947 1204 1693 447 1046 1098 1044 1766 1584 1759 1302 665 1726 186 534 1742 1755 924 1980 446 481 396 1701 661 1723 1916 1586 731 106 1922 126 1120 459 1563 3 1898 61 1249 1203 967 244 1517 1617 229 1311 1370 1574 1680 1253 667 1214 1424 493 1822 601 1121 466 450 411 296 1187 1009 703 949 944 1234 1160 1126 616 1260 782 476 553 403 451 1368 569 333 837 194 358 747 1022 302
94 918 1753 1873 1939 1961 183 650 1286 771 133 697 311 624 756 664 1500 854 1708 1721 1833 586 517 1515 676 1217 1432 1358 282 1696 95 1518 1362 1497 1950 1812 172 247 345 1540 61 134 1092 913 1603 799 137 1420 1750 1477 1057 230 388 1548 1771 887 1010 1716 1589 374 1560 119 727 1452 554 1211 1280 475 1094 673 1682 835 1038 364 753 159 828 936 221 561 40 1096 701 258 797 19 35 237
591 662 979 1580 1978 1993 917 456 1623 813 1215 237 557 413 492 811 1581 766 329 52 142 1897 1496 266 611 1536 1797 1936 1692 683 876 755 1553 906 1308 1736 748 729 1779 462 1586 527 1161 1184 1985 1196 1658 717 1821 1256 1283 1575 984 1516 1455 185 8 709 7 1230 1364 1271 842 720 532 1597 1569 1513 154 1292 577 254 618 765 1211 1165 1563 1019 950 389 374 1181 12 965 614 1055 453 434 410 109 395
77 1616 1679 1776 1899 1971 369 449 1550 380 740 884 1781 249 1452 27 1459 144 203 1122 605 721 1720 1119 809 1072 1730 871 1026 1578 1426 1674 1859 856 1868 1257 198 843 1143 498 1639 1809 1602 412 1348 542 792 1529 308 606 1757 583 947 1093 1682 869 981 1569 1370 280 995 190 10 861 315 1273 455 1019 945 793 1440 1369 394 511 1662 712 1219 453 272 1364 850 1125 1268 839 563 975 519 682 65 903 1175 232 500 212 140 377 562 564 81 91
