0 93
0 356
0 572
0 1172
0 1247
1 918
1 967
1 1059
1 1248
2 1249
2 638
2 665
2 839
2 936
2 1217
3 22
3 549
3 1250
4 125
4 307
4 348
4 396
4 763
4 908
4 1096
4 1251
5 82
5 209
5 720
5 1063
5 1093
5 1132
5 1141
5 1225
5 1252
6 231
6 245
6 545
6 604
6 1016
6 1253
6 1254
7 182
7 599
7 1126
7 1255
8 1256
9 986
10 1011
10 1257
11 88
11 98
11 478
11 522
11 654
11 1258
11 1259
12 250
12 358
12 375
12 464
12 530
12 636
12 689
12 797
12 855
12 891
12 912
12 1000
12 1053
12 1065
12 1227
12 1233
12 1260
13 35
13 108
13 132
13 570
13 664
13 1113
13 1261
14 443
15 740
15 813
15 1262
16 68
16 76
16 189
16 212
16 277
16 376
16 380
16 399
16 440
16 491
16 512
16 705
16 784
16 815
16 818
16 892
16 926
16 1043
16 1069
16 1108
16 1168
16 1207
16 1229
16 1263
17 1264
18 308
18 338
18 453
18 602
18 809
18 825
18 834
18 866
18 911
18 943
18 1028
18 1114
18 1131
18 1265
18 1266
19 692
19 1267
20 1268
21 1269
22 549
22 1250
23 953
23 957
23 1110
24 112
24 133
24 389
24 679
24 825
24 895
24 1270
25 688
25 778
25 997
25 1271
25 1272
26 453
27 583
27 703
27 815
27 981
27 1001
27 1003
27 1062
27 1171
27 1229
28 1001
29 30
29 63
29 558
29 875
29 1005
29 1029
29 1273
30 63
30 64
30 127
30 314
30 558
30 875
30 1029
30 1078
30 1274
31 51
31 69
31 114
31 128
31 154
31 169
31 189
31 237
31 1275
31 269
31 337
31 345
31 385
31 435
31 440
31 585
31 596
31 601
31 686
31 698
31 766
31 788
31 877
31 887
31 914
31 925
31 928
31 933
31 960
31 972
31 1034
31 1040
31 1057
31 1101
31 1143
31 1171
31 1179
31 1211
31 1216
31 1222
31 1234
31 1239
31 1244
31 1276
32 1277
33 121
33 1278
34 152
34 1279
35 132
35 570
35 664
35 1113
35 1261
36 556
36 1280
37 71
37 177
37 219
37 241
37 361
37 392
37 428
37 445
37 456
37 464
37 544
37 577
37 578
37 586
37 689
37 769
37 792
37 855
37 917
37 941
37 1281
37 1064
37 1105
37 1201
37 1242
37 1245
38 57
38 68
38 69
38 113
38 115
38 163
38 208
38 212
38 213
38 232
38 255
38 269
38 363
38 383
38 390
38 433
38 491
38 492
38 499
38 503
38 504
38 520
38 527
38 537
38 571
38 583
38 639
38 648
38 682
38 730
38 780
38 815
38 856
38 892
38 898
38 906
38 919
38 945
38 956
38 985
38 987
38 1003
38 1007
38 1052
38 1062
38 1089
38 1092
38 1108
38 1128
38 1147
38 1157
38 1168
38 1171
38 1203
38 1220
38 1237
39 738
39 830
39 1282
40 1283
41 92
41 167
41 173
41 283
41 320
41 336
41 344
41 388
41 620
41 756
41 853
41 867
41 882
41 949
41 983
41 995
41 1023
41 1051
41 1074
41 1121
41 1284
41 1285
42 421
42 424
42 439
42 468
42 494
42 498
42 600
42 631
42 742
42 1009
42 1071
42 1145
42 1182
42 1208
42 1286
43 1287
44 274
44 991
44 1288
45 1289
46 1290
47 271
48 228
49 1291
50 725
50 859
51 68
51 69
51 76
51 113
51 114
51 128
51 144
51 150
51 154
51 163
51 189
51 204
51 212
51 213
51 232
51 237
51 259
51 269
51 345
51 376
51 383
51 385
51 390
51 433
51 440
51 491
51 512
51 520
51 526
51 534
51 537
51 573
51 583
51 585
51 601
51 639
51 643
51 648
51 649
51 701
51 715
51 780
51 784
51 788
51 815
51 818
51 856
51 887
51 892
51 898
51 906
51 914
51 925
51 928
51 945
51 955
51 985
51 987
51 1003
51 1007
51 1034
51 1037
51 1040
51 1043
51 1052
51 1057
51 1062
51 1066
51 1092
51 1101
51 1108
51 1130
51 1157
51 1168
51 1171
51 1203
51 1207
51 1211
51 1220
51 1222
51 1224
51 1229
51 1276
52 71
52 428
52 464
52 577
52 689
52 855
52 941
52 1201
52 1245
53 1292
54 284
54 690
54 826
54 913
54 1107
54 1293
55 355
55 1294
55 523
55 1066
55 1221
55 1295
56 104
56 129
56 198
56 262
56 263
56 302
56 349
56 350
56 531
56 582
56 606
56 618
56 641
56 721
56 810
56 814
56 852
56 1044
56 1048
56 1103
56 1129
56 1137
56 1183
56 1212
56 1296
57 68
57 113
57 115
57 208
57 212
57 213
57 232
57 269
57 363
57 383
57 390
57 433
57 491
57 492
57 499
57 503
57 504
57 520
57 537
57 571
57 583
57 592
57 639
57 657
57 682
57 780
57 1297
57 815
57 856
57 898
57 945
57 985
57 987
57 1003
57 1007
57 1052
57 1089
57 1092
57 1128
57 1147
57 1157
57 1168
57 1171
58 116
58 130
58 186
58 340
58 425
58 502
58 529
58 539
58 589
58 660
58 663
58 904
58 1036
58 1116
58 1134
58 1149
58 1158
58 1185
58 1215
58 1241
58 1298
59 490
59 1299
60 1300
61 1301
62 1302
63 64
63 127
63 307
63 339
63 416
63 768
63 865
63 888
63 958
63 1005
63 1029
63 1078
63 1150
63 1303
63 1274
64 416
64 888
65 248
65 1304
65 978
65 1305
66 409
66 443
66 1306
66 806
66 1307
67 244
67 547
67 1300
67 839
68 69
68 102
68 113
68 114
68 115
68 163
68 208
68 212
68 213
68 232
68 255
68 259
68 363
68 376
68 383
68 390
68 399
68 433
68 440
68 491
68 503
68 504
68 520
68 534
68 537
68 571
68 583
68 639
68 648
68 682
68 701
68 705
68 715
68 730
68 780
68 784
68 815
68 818
68 856
68 881
68 892
68 898
68 906
68 945
68 985
68 987
68 1003
68 1007
68 1052
68 1062
68 1066
68 1089
68 1092
68 1098
68 1101
68 1108
68 1128
68 1152
68 1156
68 1157
68 1168
68 1171
68 1203
68 1211
68 1220
68 1229
68 1235
68 1237
69 114
69 128
69 144
69 154
69 163
69 189
69 204
69 213
69 237
69 255
69 259
69 269
69 337
69 359
69 376
69 383
69 386
69 390
69 426
69 433
69 440
69 491
69 503
69 512
69 534
69 571
69 583
69 585
69 639
69 648
69 701
69 705
69 715
69 730
69 780
69 784
69 815
69 818
69 856
69 892
69 898
69 906
69 945
69 955
69 960
69 985
69 987
69 1003
69 1007
69 1052
69 1057
69 1062
69 1066
69 1089
69 1092
69 1101
69 1108
69 1130
69 1308
69 1157
69 1168
69 1171
69 1186
69 1203
69 1211
69 1309
69 1220
69 1224
69 1229
69 1234
70 156
70 1310
71 105
71 177
71 192
71 196
71 219
71 241
71 361
71 392
71 428
71 445
71 456
71 464
71 566
71 577
71 578
71 586
71 689
71 769
71 786
71 855
71 891
71 917
71 941
71 977
71 999
71 1000
71 1061
71 1064
71 1065
71 1105
71 1184
71 1201
71 1233
71 1242
71 1245
71 1311
72 678
72 884
72 1004
72 1123
72 1312
73 1313
74 250
74 464
74 689
74 891
74 912
74 1227
74 1260
75 96
75 1314
76 259
76 269
76 277
76 380
76 426
76 440
76 791
76 926
76 1043
76 1069
76 1118
76 1171
76 1207
76 1309
76 1315
76 1263
77 119
77 143
77 291
77 298
77 303
77 368
77 384
77 510
77 524
77 630
77 634
77 675
77 903
77 989
77 993
77 1055
77 1056
77 1060
77 1162
77 1210
77 1316
78 898
78 1089
79 390
79 491
79 650
79 906
79 955
79 1168
80 802
80 1127
80 1154
80 1317
80 1318
81 407
82 209
82 720
82 1030
82 1063
82 1093
82 1132
82 1141
82 1225
82 1252
82 1319
83 959
83 1320
84 297
84 420
84 555
84 714
84 1321
84 920
84 1322
85 164
85 294
85 546
85 727
85 1323
85 957
85 1324
86 212
86 554
86 704
86 723
86 1325
87 120
87 326
87 342
87 816
88 98
88 478
88 522
88 559
88 820
88 1326
88 1327
88 979
88 1328
88 1329
88 1330
88 1259
88 1331
89 1332
90 839
91 215
91 319
91 322
91 428
91 566
91 577
91 671
91 712
91 822
91 917
91 941
91 948
91 999
91 1039
91 1184
91 1228
91 1333
91 1311
92 167
92 173
92 283
92 320
92 336
92 344
92 372
92 388
92 620
92 685
92 756
92 853
92 867
92 882
92 983
92 995
92 1023
92 1051
92 1074
92 1121
92 1285
93 356
93 572
93 1172
93 1247
94 271
94 1334
95 273
95 1013
95 1335
96 244
96 412
96 568
96 659
96 793
96 838
97 1320
98 522
98 1258
99 107
99 239
99 1336
99 907
99 1337
99 1338
100 778
100 1271
101 1339
102 189
102 267
102 399
102 440
102 512
102 534
102 583
102 661
102 818
102 885
102 892
102 898
102 1007
102 1027
102 1057
102 1066
102 1072
102 1088
102 1148
102 1168
102 1197
102 1216
102 1224
102 1229
102 1232
102 1237
103 1340
103 1315
104 129
104 262
104 263
104 302
104 349
104 350
104 431
104 531
104 582
104 606
104 618
104 641
104 721
104 810
104 814
104 819
104 852
104 1044
104 1048
104 1341
104 1103
104 1129
104 1137
104 1183
104 1186
104 1212
104 1296
105 219
105 392
105 428
105 578
105 586
105 1201
105 1245
106 226
106 233
106 238
106 264
106 295
106 371
106 511
106 564
106 575
106 612
106 706
106 745
106 772
106 774
106 799
106 848
106 871
106 991
106 1099
106 1106
106 1119
106 1133
106 1142
106 1173
106 1180
106 1188
106 1189
106 1190
106 1205
106 1206
106 1223
106 1240
106 1243
106 1246
106 1342
107 239
107 907
107 1338
108 132
108 664
108 1113
109 351
110 228
110 1343
111 947
111 1192
111 1344
112 825
112 895
112 1270
113 115
113 163
113 208
113 212
113 213
113 232
113 255
113 259
113 376
113 383
113 390
113 433
113 491
113 499
113 503
113 504
113 512
113 520
113 527
113 537
113 571
113 583
113 592
113 639
113 648
113 682
113 701
113 705
113 715
113 730
113 780
113 815
113 856
113 898
113 906
113 945
113 956
113 985
113 987
113 1003
113 1007
113 1052
113 1062
113 1089
113 1092
113 1108
113 1128
113 1147
113 1157
113 1168
113 1171
113 1203
113 1220
113 1235
113 1345
113 1346
114 128
114 144
114 150
114 163
114 189
114 204
114 213
114 237
114 259
114 269
114 363
114 376
114 383
114 385
114 386
114 390
114 433
114 440
114 503
114 504
114 520
114 534
114 537
114 580
114 583
114 585
114 617
114 643
114 701
114 715
114 730
114 784
114 788
114 815
114 818
114 856
114 892
114 898
114 906
114 925
114 928
114 938
114 955
114 960
114 985
114 1001
114 1003
114 1007
114 1037
114 1052
114 1062
114 1089
114 1092
114 1101
114 1108
114 1111
114 1128
114 1147
114 1157
114 1168
114 1171
114 1179
114 1186
114 1203
114 1211
114 1309
114 1220
114 1224
114 1239
115 163
115 208
115 212
115 213
115 232
115 376
115 383
115 390
115 433
115 491
115 492
115 499
115 503
115 520
115 527
115 537
115 571
115 583
115 639
115 648
115 682
115 780
115 815
115 856
115 945
115 985
115 987
115 1007
115 1052
115 1062
115 1089
115 1092
115 1108
115 1157
115 1168
116 130
116 179
116 186
116 340
116 382
116 425
116 502
116 529
116 539
116 589
116 660
116 663
116 904
116 989
116 1036
116 1116
116 1134
116 1149
116 1158
116 1185
116 1215
116 1241
116 1298
117 1014
117 1347
118 901
118 936
118 1047
118 1153
119 143
119 291
119 298
119 303
119 368
119 384
119 510
119 524
119 630
119 634
119 675
119 903
119 993
119 1021
119 1055
119 1056
119 1060
119 1162
119 1210
119 1348
119 1316
120 326
120 342
120 364
120 610
120 816
120 1349
120 963
120 1350
121 817
121 1278
122 466
122 472
122 1351
122 1352
123 548
123 1353
124 1354
125 307
125 348
125 396
125 478
125 563
125 763
125 908
125 965
125 969
125 1096
125 1251
126 191
126 713
126 800
126 823
126 961
126 1355
127 168
127 307
127 339
127 478
127 486
127 493
127 533
127 729
127 865
127 868
127 899
127 958
127 1029
127 1033
127 1078
127 1356
127 1188
127 1200
127 1274
128 189
128 204
128 237
128 269
128 385
128 601
128 686
128 788
128 818
128 847
128 925
128 1034
128 1040
128 1101
128 1108
128 1111
128 1171
128 1211
128 1230
128 1234
128 1239
128 1276
129 263
129 302
129 349
129 350
129 531
129 582
129 606
129 618
129 641
129 721
129 810
129 814
129 819
129 852
129 1044
129 1048
129 1103
129 1129
129 1137
129 1183
129 1212
129 1296
130 179
130 186
130 340
130 382
130 384
130 425
130 502
130 529
130 539
130 589
130 660
130 663
130 904
130 1036
130 1116
130 1134
130 1149
130 1158
130 1185
130 1215
130 1241
130 1298
131 282
131 325
131 373
131 391
131 607
131 878
131 1008
131 1054
131 1357
132 394
132 570
132 664
132 1113
133 389
133 679
133 825
133 895
133 1270
134 1358
135 281
135 518
135 1359
136 285
136 1124
136 1360
137 500
137 551
137 560
137 710
137 974
137 1005
137 1161
137 1166
137 1167
137 1361
138 1362
139 167
139 283
139 320
139 336
139 344
139 983
139 1023
139 1051
139 1074
139 1121
140 632
140 1363
141 272
141 480
141 645
141 779
141 1025
141 1135
141 1198
141 1213
141 1364
142 616
142 1365
142 1366
143 291
143 298
143 303
143 368
143 384
143 510
143 524
143 630
143 675
143 903
143 1055
143 1060
143 1162
143 1316
144 150
144 189
144 214
144 259
144 269
144 289
144 362
144 381
144 440
144 508
144 526
144 544
144 605
144 649
144 691
144 701
144 818
144 892
144 981
144 1002
144 1039
144 1104
144 1367
144 1159
144 1186
144 1309
145 696
146 1368
147 402
147 875
148 585
149 1369
150 189
150 213
150 508
150 526
150 544
150 605
150 649
150 784
150 818
150 922
150 1001
150 1039
150 1058
150 1066
150 1159
150 1171
150 1224
151 1370
152 1279
153 193
153 418
153 523
153 854
153 885
153 1066
153 1072
153 1088
153 1097
153 1221
153 1232
154 189
154 237
154 1275
154 337
154 435
154 601
154 686
154 701
154 788
154 818
154 887
154 922
154 925
154 928
154 1040
154 1057
154 1066
154 1101
154 1130
154 1234
154 1276
155 252
155 677
155 805
155 1371
155 1372
156 1310
157 180
157 366
157 478
157 979
157 1373
158 613
158 693
158 835
158 901
158 1153
159 187
159 236
159 282
159 369
159 379
159 483
159 496
159 656
159 849
159 975
159 1193
160 413
160 1374
161 168
161 339
161 493
161 574
161 635
161 662
161 729
161 868
161 899
161 950
161 958
161 1020
161 1025
161 1033
161 1364
162 778
162 997
162 1271
163 189
163 208
163 212
163 213
163 232
163 237
163 259
163 269
163 363
163 376
163 383
163 386
163 390
163 433
163 491
163 503
163 504
163 512
163 520
163 527
163 534
163 537
163 571
163 583
163 639
163 643
163 648
163 682
163 701
163 705
163 730
163 780
163 784
163 785
163 815
163 856
163 892
163 898
163 906
163 919
163 945
163 955
163 985
163 987
163 1003
163 1007
163 1041
163 1052
163 1062
163 1089
163 1092
163 1101
163 1108
163 1128
163 1375
163 1157
163 1168
163 1171
163 1186
163 1376
163 1203
163 1220
163 1226
163 1237
164 294
164 546
164 727
164 1323
165 224
165 331
165 587
165 603
165 614
165 666
165 668
165 1110
165 1115
165 1144
165 1160
165 1163
165 1377
166 1017
166 1223
167 173
167 283
167 320
167 336
167 344
167 388
167 620
167 685
167 756
167 853
167 867
167 882
167 949
167 983
167 995
167 1023
167 1051
167 1074
167 1378
167 1121
167 1285
168 339
168 493
168 574
168 635
168 662
168 729
168 868
168 899
168 950
168 958
168 1020
168 1025
168 1033
168 1364
169 189
169 237
169 269
169 345
169 385
169 435
169 585
169 596
169 686
169 698
169 759
169 766
169 788
169 818
169 877
169 887
169 914
169 925
169 928
169 933
169 972
169 1034
169 1040
169 1090
169 1101
169 1179
169 1222
169 1234
169 1239
169 1244
169 1276
170 1251
171 192
171 250
171 530
171 689
171 891
171 912
171 1000
171 1053
171 1227
171 1260
172 1379
173 283
173 320
173 336
173 344
173 372
173 388
173 620
173 756
173 853
173 867
173 882
173 949
173 983
173 995
173 1023
173 1051
173 1074
173 1121
173 1285
174 281
174 418
174 449
174 628
174 699
174 821
174 905
174 910
174 951
174 1109
174 1139
174 1221
174 1380
175 453
175 897
176 439
177 241
177 361
177 392
177 445
177 456
177 464
177 544
177 586
177 689
177 769
177 855
177 917
177 941
177 1281
177 1064
177 1105
177 1201
177 1242
177 1245
178 1381
179 340
179 382
179 425
179 502
179 529
179 539
179 589
179 660
179 663
179 904
179 989
179 1036
179 1077
179 1116
179 1134
179 1149
179 1158
179 1185
179 1215
179 1241
179 1298
180 287
180 478
180 979
180 1373
181 1272
182 599
182 1126
182 1255
183 646
183 1080
183 1382
184 307
184 438
184 470
184 478
184 538
184 763
184 902
184 1087
184 1112
184 1178
184 1223
184 1251
185 469
185 1383
186 340
186 382
186 425
186 502
186 529
186 539
186 589
186 660
186 663
186 904
186 1036
186 1116
186 1134
186 1149
186 1158
186 1185
186 1241
186 1298
187 218
187 236
187 357
187 369
187 379
187 424
187 483
187 485
187 496
187 507
187 622
187 647
187 656
187 700
187 718
187 849
187 975
187 1049
187 1071
187 1174
187 1193
187 1195
187 1384
188 343
188 483
188 849
188 975
188 1193
189 212
189 213
189 237
189 259
189 267
189 269
189 337
189 345
189 383
189 385
189 399
189 435
189 440
189 503
189 526
189 583
189 585
189 596
189 601
189 686
189 701
189 705
189 730
189 749
189 766
189 784
189 788
189 818
189 877
189 885
189 887
189 892
189 898
189 906
189 914
189 922
189 925
189 928
189 933
189 972
189 1003
189 1034
189 1040
189 1057
189 1066
189 1069
189 1088
189 1089
189 1101
189 1130
189 1152
189 1168
189 1171
189 1187
189 1202
189 1211
189 1222
189 1224
189 1229
189 1234
189 1244
189 1276
190 1385
190 1250
191 713
191 800
191 823
191 961
191 1355
192 196
192 219
192 250
192 375
192 392
192 428
192 464
192 530
192 577
192 586
192 689
192 739
192 786
192 855
192 891
192 912
192 917
192 941
192 977
192 999
192 1000
192 1039
192 1061
192 1065
192 1201
192 1386
192 1227
192 1233
192 1242
192 1260
192 1245
193 267
193 276
193 281
193 399
193 418
193 449
193 467
193 481
193 523
193 588
193 661
193 672
193 699
193 821
193 854
193 881
193 885
193 890
193 892
193 893
193 898
193 942
193 988
193 1027
193 1066
193 1072
193 1088
193 1097
193 1109
193 1152
193 1157
193 1168
193 1187
193 1197
193 1216
193 1221
193 1224
193 1229
193 1232
193 1380
194 652
194 1229
195 1387
195 1388
196 428
196 689
196 786
196 855
196 917
196 941
196 1000
196 1039
196 1061
196 1065
196 1386
196 1233
196 1245
197 1389
198 302
198 721
198 814
198 1129
199 1390
199 604
199 764
199 1391
200 217
200 605
200 843
200 1015
200 1124
200 1231
200 1236
200 1392
201 1393
202 1394
203 1395
204 269
204 383
204 433
204 440
204 573
204 580
204 715
204 818
204 847
204 1111
204 1171
204 1211
204 1230
204 1239
205 750
206 969
207 1396
208 212
208 213
208 232
208 255
208 269
208 281
208 363
208 376
208 383
208 390
208 418
208 433
208 491
208 492
208 499
208 503
208 512
208 520
208 534
208 537
208 571
208 583
208 588
208 639
208 682
208 705
208 730
208 780
208 784
208 815
208 856
208 892
208 898
208 906
208 945
208 955
208 960
208 987
208 1003
208 1007
208 1052
208 1062
208 1072
208 1089
208 1092
208 1097
208 1128
208 1147
208 1157
208 1168
208 1171
208 1376
208 1203
208 1211
208 1220
208 1224
208 1229
208 1235
208 1237
208 1346
209 720
209 1063
209 1093
209 1132
209 1141
209 1225
209 1252
210 275
210 918
210 967
210 1059
210 1248
211 363
212 213
212 232
212 255
212 259
212 269
212 363
212 376
212 383
212 390
212 414
212 433
212 491
212 492
212 499
212 503
212 504
212 512
212 520
212 534
212 537
212 571
212 583
212 588
212 639
212 648
212 650
212 682
212 701
212 703
212 705
212 730
212 780
212 784
212 785
212 815
212 818
212 854
212 856
212 892
212 898
212 906
212 945
212 955
212 985
212 987
212 1003
212 1007
212 1041
212 1052
212 1062
212 1066
212 1089
212 1092
212 1097
212 1108
212 1128
212 1148
212 1152
212 1156
212 1157
212 1168
212 1171
212 1376
212 1197
212 1203
212 1220
212 1221
212 1229
212 1235
212 1237
213 232
213 269
213 363
213 376
213 383
213 390
213 1397
213 433
213 440
213 452
213 491
213 492
213 503
213 504
213 512
213 520
213 526
213 527
213 534
213 537
213 569
213 571
213 583
213 592
213 639
213 643
213 648
213 649
213 682
213 701
213 705
213 715
213 730
213 780
213 784
213 815
213 818
213 856
213 892
213 898
213 906
213 945
213 955
213 985
213 987
213 1003
213 1007
213 1041
213 1052
213 1058
213 1062
213 1089
213 1092
213 1108
213 1128
213 1147
213 1157
213 1168
213 1171
213 1186
213 1309
213 1224
213 1237
214 289
214 362
214 691
214 1002
214 1073
214 1104
215 319
215 322
215 428
215 566
215 577
215 671
215 689
215 712
215 822
215 855
215 917
215 941
215 948
215 999
215 1000
215 1039
215 1228
215 1311
216 1398
217 843
217 1015
217 1231
217 1236
217 1392
218 236
218 357
218 369
218 379
218 424
218 483
218 485
218 496
218 507
218 622
218 647
218 656
218 700
218 718
218 849
218 975
218 1174
218 1193
218 1195
218 1384
219 361
219 392
219 428
219 464
219 577
219 578
219 586
219 689
219 786
219 855
219 917
219 941
219 1000
219 1061
219 1064
219 1065
219 1105
219 1201
219 1233
219 1242
219 1245
220 403
221 1399
222 790
222 1400
223 387
224 331
224 587
224 603
224 614
224 666
224 668
224 1110
224 1115
224 1144
224 1160
224 1163
224 1377
224 1401
225 857
226 233
226 371
226 511
226 564
226 612
226 706
226 772
226 1142
226 1180
226 1189
226 1190
226 1246
227 514
227 519
227 795
227 832
227 930
228 1402
228 1343
229 1403
230 266
230 347
230 1404
230 752
231 245
231 545
231 1016
231 1253
232 255
232 269
232 363
232 383
232 390
232 433
232 491
232 492
232 499
232 503
232 504
232 512
232 520
232 534
232 537
232 571
232 583
232 592
232 639
232 648
232 682
232 701
232 705
232 730
232 780
232 815
232 856
232 892
232 906
232 945
232 956
232 970
232 985
232 987
232 1003
232 1007
232 1041
232 1052
232 1062
232 1405
232 1089
232 1092
232 1375
232 1147
232 1157
232 1168
232 1171
232 1203
232 1220
232 1226
232 1235
232 1237
233 371
233 1406
233 505
233 511
233 564
233 575
233 612
233 706
233 772
233 991
233 1142
233 1180
233 1189
233 1190
233 1223
233 1407
233 1246
234 306
234 547
234 731
234 829
234 1408
235 321
235 447
235 495
235 535
235 719
235 1125
235 1409
236 251
236 304
236 357
236 369
236 379
236 424
236 483
236 485
236 496
236 507
236 622
236 647
236 656
236 700
236 717
236 718
236 849
236 975
236 1024
236 1049
236 1410
236 1174
236 1193
236 1195
236 1384
237 269
237 337
237 345
237 385
237 435
237 585
237 596
237 601
237 686
237 715
237 766
237 788
237 818
237 877
237 887
237 914
237 925
237 928
237 1034
237 1040
237 1057
237 1101
237 1130
237 1143
237 1171
237 1202
237 1211
237 1222
237 1234
237 1276
238 264
238 745
238 848
238 871
238 1099
238 1106
238 1133
238 1173
238 1188
238 1189
238 1190
238 1243
238 1246
238 1342
239 907
240 778
240 1271
241 361
241 445
241 544
241 586
241 769
241 855
241 1105
241 1201
241 1242
241 1245
242 1411
243 753
243 980
243 1120
243 1155
243 1412
244 412
244 484
244 568
244 659
244 793
244 1300
244 838
244 1204
244 1413
245 545
245 1016
245 1253
245 1254
246 930
247 1414
248 1304
249 673
249 922
249 1415
250 358
250 375
250 464
250 526
250 530
250 636
250 689
250 855
250 891
250 912
250 977
250 1000
250 1039
250 1053
250 1065
250 1227
250 1233
250 1260
251 304
251 717
251 1024
251 1410
252 677
252 805
252 1372
253 280
253 465
254 1173
255 259
255 363
255 376
255 383
255 390
255 399
255 433
255 440
255 491
255 520
255 534
255 537
255 571
255 583
255 648
255 701
255 705
255 730
255 780
255 815
255 818
255 856
255 881
255 892
255 898
255 955
255 985
255 987
255 1003
255 1007
255 1052
255 1062
255 1066
255 1088
255 1089
255 1108
255 1128
255 1148
255 1156
255 1157
255 1168
255 1171
255 1220
255 1229
255 1235
256 761
256 1416
257 309
257 509
257 831
257 1417
258 976
258 1418
259 269
259 390
259 433
259 440
259 491
259 503
259 512
259 573
259 583
259 601
259 701
259 705
259 715
259 784
259 815
259 818
259 892
259 898
259 906
259 919
259 985
259 1001
259 1003
259 1066
259 1069
259 1089
259 1101
259 1108
259 1130
259 1168
259 1171
259 1186
259 1203
259 1207
259 1309
259 1220
259 1224
259 1229
259 1419
260 395
260 1420
261 393
261 427
261 453
261 465
261 525
262 263
262 302
262 349
262 350
262 531
262 582
262 641
262 721
262 810
262 814
262 852
262 1048
262 1103
262 1129
262 1296
263 302
263 349
263 350
263 431
263 531
263 582
263 606
263 618
263 641
263 721
263 810
263 814
263 852
263 1044
263 1048
263 1103
263 1129
263 1137
263 1183
263 1186
263 1212
263 1296
264 745
264 848
264 871
264 1099
264 1106
264 1133
264 1173
264 1188
264 1190
264 1342
265 835
265 1153
266 1404
266 752
267 276
267 399
267 418
267 467
267 512
267 523
267 588
267 661
267 672
267 730
267 854
267 881
267 885
267 890
267 892
267 893
267 898
267 942
267 1027
267 1057
267 1066
267 1072
267 1088
267 1128
267 1148
267 1152
267 1168
267 1187
267 1197
267 1211
267 1216
267 1221
267 1224
267 1232
268 1421
269 363
269 376
269 383
269 385
269 390
269 433
269 435
269 440
269 491
269 499
269 503
269 520
269 526
269 534
269 537
269 571
269 573
269 583
269 585
269 601
269 639
269 643
269 649
269 682
269 686
269 701
269 705
269 715
269 730
269 780
269 784
269 785
269 788
269 815
269 818
269 856
269 887
269 892
269 898
269 906
269 914
269 925
269 928
269 938
269 945
269 960
269 981
269 985
269 987
269 996
269 1003
269 1007
269 1034
269 1037
269 1040
269 1041
269 1052
269 1058
269 1062
269 1089
269 1092
269 1101
269 1108
269 1111
269 1128
269 1130
269 1147
269 1157
269 1168
269 1171
269 1179
269 1202
269 1203
269 1211
269 1309
269 1220
269 1222
269 1224
269 1229
269 1234
269 1235
269 1237
269 1239
269 1276
269 1401
270 646
271 1422
272 645
272 779
272 1198
273 1013
273 1335
274 991
274 1288
275 918
275 967
275 1059
275 1248
276 399
276 418
276 467
276 523
276 583
276 661
276 672
276 821
276 881
276 885
276 890
276 1027
276 1066
276 1072
276 1088
276 1152
276 1187
276 1197
276 1232
276 1380
277 926
277 1043
277 1069
277 1171
277 1263
278 1423
279 1272
280 465
280 1404
281 418
281 449
281 503
281 518
281 520
281 588
281 628
281 661
281 699
281 821
281 881
281 892
281 910
281 1072
281 1097
281 1109
281 1139
281 1168
281 1221
281 1232
281 1237
281 1380
282 325
282 373
282 391
282 878
282 1008
282 1054
282 1357
282 1193
283 320
283 336
283 344
283 372
283 388
283 620
283 685
283 756
283 853
283 867
283 882
283 949
283 983
283 995
283 1023
283 1051
283 1074
283 1121
283 1285
284 690
284 826
284 909
284 913
284 1107
284 1293
285 533
285 757
285 1124
285 1200
285 1360
286 626
286 841
286 924
286 1047
287 478
287 979
288 1424
289 362
289 691
289 1002
289 1073
289 1104
289 1367
290 1425
291 298
291 303
291 368
291 384
291 457
291 510
291 524
291 630
291 634
291 675
291 903
291 993
291 1012
291 1021
291 1056
291 1060
291 1162
291 1210
291 1316
292 472
292 1426
293 1427
294 546
294 727
295 774
295 799
295 1099
295 1119
295 1189
295 1205
295 1206
295 1240
295 1243
295 1246
296 1428
297 420
297 555
297 714
297 1321
297 920
297 1322
298 303
298 368
298 384
298 510
298 524
298 630
298 634
298 903
298 993
298 1012
298 1021
298 1055
298 1056
298 1060
298 1162
298 1210
298 1316
299 1429
300 1430
300 1180
300 1431
301 780
301 1062
302 349
302 350
302 531
302 582
302 606
302 618
302 641
302 721
302 810
302 814
302 852
302 1044
302 1048
302 1341
302 1103
302 1129
302 1137
302 1183
302 1212
302 1296
303 368
303 384
303 510
303 524
303 630
303 634
303 675
303 903
303 1055
303 1056
303 1060
303 1162
303 1210
303 1348
303 1316
304 717
304 1024
304 1410
305 1432
306 484
306 731
306 767
306 829
306 841
306 1408
307 348
307 396
307 438
307 470
307 478
307 538
307 563
307 658
307 763
307 902
307 908
307 965
307 969
307 998
307 1029
307 1087
307 1096
307 1112
307 1178
307 1200
307 1223
307 1251
308 338
308 453
308 602
308 809
308 825
308 834
308 866
308 911
308 943
308 987
308 1062
308 1114
308 1131
308 1265
308 1266
309 509
309 590
309 831
309 1417
309 1433
310 347
310 793
311 720
312 426
312 581
312 791
312 872
312 946
312 1194
312 1315
312 1240
313 547
314 339
314 533
314 558
314 729
314 958
314 1173
314 1200
314 1274
315 958
316 506
316 703
316 1028
316 1434
317 1435
318 1436
319 322
319 428
319 566
319 577
319 671
319 712
319 822
319 917
319 941
319 948
319 999
319 1000
319 1039
319 1228
319 1311
320 336
320 344
320 372
320 388
320 620
320 685
320 756
320 853
320 867
320 882
320 949
320 983
320 995
320 1023
320 1051
320 1074
320 1121
320 1284
320 1285
321 447
321 495
321 535
321 719
321 1125
321 1409
322 428
322 566
322 577
322 671
322 689
322 712
322 822
322 917
322 941
322 948
322 999
322 1039
322 1228
322 1311
323 1437
324 410
324 598
324 621
324 782
324 804
324 1429
324 1438
325 373
325 391
325 607
325 878
325 1008
325 1054
325 1357
326 342
326 364
326 610
326 816
326 1349
326 963
326 1350
327 704
327 723
327 1325
328 1439
329 1440
330 1441
331 587
331 603
331 614
331 666
331 668
331 1110
331 1115
331 1144
331 1160
331 1163
331 1377
332 1442
333 1443
334 1444
335 1075
335 1445
336 344
336 372
336 388
336 620
336 685
336 756
336 853
336 867
336 882
336 949
336 983
336 995
336 1023
336 1051
336 1074
336 1378
336 1121
336 1285
337 450
337 601
337 686
337 749
337 788
337 818
337 877
337 925
337 1101
337 1130
337 1308
337 1171
337 1222
337 1234
337 1276
338 453
338 602
338 809
338 825
338 834
338 866
338 911
338 943
338 1028
338 1114
338 1131
338 1266
339 493
339 574
339 635
339 662
339 729
339 865
339 868
339 899
339 950
339 958
339 1020
339 1025
339 1033
339 1274
339 1364
340 382
340 425
340 502
340 529
340 539
340 589
340 660
340 663
340 904
340 1036
340 1116
340 1134
340 1149
340 1158
340 1185
340 1215
340 1241
340 1298
341 894
341 1446
342 364
342 610
342 816
342 1349
342 963
342 1350
342 1447
343 656
344 372
344 388
344 620
344 685
344 756
344 853
344 867
344 882
344 949
344 983
344 995
344 1023
344 1051
344 1074
344 1121
344 1284
344 1285
345 370
345 385
345 415
345 435
345 585
345 596
345 686
345 698
345 759
345 766
345 788
345 877
345 887
345 914
345 925
345 928
345 933
345 972
345 1034
345 1040
345 1090
345 1101
345 1179
345 1222
345 1234
345 1239
345 1244
345 1276
346 490
347 869
347 1448
348 396
348 478
348 563
348 763
348 908
348 965
348 969
348 1096
348 1251
349 350
349 531
349 582
349 606
349 618
349 641
349 721
349 810
349 814
349 852
349 1044
349 1048
349 1103
349 1129
349 1137
349 1183
349 1212
349 1296
350 531
350 582
350 606
350 618
350 641
350 721
350 810
350 814
350 852
350 1044
350 1048
350 1103
350 1129
350 1137
350 1183
350 1212
350 1296
351 980
352 1449
353 1450
354 408
354 475
354 563
354 674
354 675
354 763
354 807
354 989
354 1096
354 1102
354 1191
354 1319
355 1294
355 1295
356 572
356 1172
356 1247
357 369
357 379
357 424
357 483
357 485
357 496
357 507
357 656
357 700
357 718
357 849
357 975
357 1049
357 1174
357 1193
357 1195
357 1384
358 375
358 464
358 636
358 855
358 891
358 912
358 1227
358 1260
359 601
359 749
359 1308
360 1451
361 392
361 428
361 445
361 456
361 464
361 544
361 586
361 689
361 769
361 792
361 855
361 917
361 941
361 1064
361 1105
361 1201
361 1242
361 1245
362 936
362 1002
362 1073
363 376
363 383
363 390
363 433
363 491
363 492
363 503
363 512
363 520
363 534
363 571
363 583
363 639
363 682
363 705
363 715
363 730
363 780
363 784
363 815
363 856
363 892
363 898
363 906
363 945
363 955
363 985
363 987
363 1003
363 1007
363 1052
363 1062
363 1089
363 1092
363 1128
363 1146
363 1157
363 1168
363 1171
363 1376
363 1203
363 1224
363 1235
363 1237
364 610
364 816
364 1349
364 1350
365 725
365 771
365 835
365 851
365 859
365 936
365 1032
365 1153
365 1176
366 1452
367 1453
368 384
368 510
368 524
368 630
368 675
368 903
368 1055
368 1060
368 1162
368 1316
369 379
369 421
369 424
369 483
369 485
369 496
369 507
369 622
369 647
369 656
369 700
369 718
369 812
369 849
369 975
369 1049
369 1071
369 1145
369 1174
369 1193
369 1195
369 1384
370 415
370 596
370 698
370 766
370 1034
370 1222
371 511
371 564
371 575
371 612
371 706
371 772
371 991
371 1142
371 1180
371 1189
371 1190
371 1223
371 1246
372 1454
372 853
372 867
372 983
372 995
372 1023
372 1074
373 391
373 607
373 878
373 1008
373 1054
373 1357
374 1455
375 464
375 526
375 530
375 636
375 689
375 797
375 855
375 891
375 912
375 977
375 1000
375 1053
375 1065
375 1227
375 1233
375 1260
376 383
376 390
376 491
376 503
376 512
376 520
376 527
376 534
376 537
376 583
376 639
376 648
376 650
376 682
376 701
376 705
376 730
376 780
376 784
376 815
376 856
376 892
376 906
376 919
376 955
376 985
376 987
376 1003
376 1007
376 1052
376 1062
376 1089
376 1108
376 1157
376 1168
376 1171
376 1203
376 1224
376 1235
376 1237
377 393
377 427
377 451
377 525
378 1456
379 424
379 483
379 485
379 496
379 507
379 622
379 647
379 656
379 700
379 718
379 849
379 975
379 1049
379 1071
379 1174
379 1193
379 1195
379 1384
380 440
380 926
380 1043
380 1069
380 1118
380 1186
380 1207
380 1263
381 508
381 1039
381 1228
382 425
382 502
382 529
382 539
382 589
382 660
382 663
382 904
382 989
382 1036
382 1116
382 1134
382 1149
382 1158
382 1185
382 1215
382 1241
382 1298
383 386
383 390
383 433
383 440
383 452
383 491
383 492
383 499
383 503
383 504
383 512
383 520
383 534
383 537
383 562
383 571
383 583
383 592
383 617
383 639
383 648
383 682
383 701
383 705
383 715
383 730
383 780
383 784
383 785
383 815
383 818
383 856
383 892
383 898
383 906
383 919
383 945
383 956
383 960
383 985
383 987
383 1003
383 1007
383 1041
383 1052
383 1062
383 1089
383 1092
383 1101
383 1108
383 1128
383 1375
383 1147
383 1157
383 1168
383 1171
383 1376
383 1203
383 1220
383 1229
383 1235
383 1237
384 510
384 524
384 539
384 630
384 634
384 660
384 663
384 675
384 903
384 989
384 993
384 1055
384 1060
384 1116
384 1158
384 1162
384 1210
384 1316
384 1241
385 435
385 542
385 585
385 596
385 601
385 686
385 698
385 759
385 766
385 788
385 818
385 877
385 887
385 914
385 925
385 928
385 933
385 972
385 1034
385 1040
385 1090
385 1101
385 1171
385 1179
385 1222
385 1234
385 1239
385 1244
385 1276
386 433
386 537
386 571
386 583
386 705
386 715
386 730
386 780
386 815
386 856
386 898
386 906
386 1003
386 1041
386 1052
386 1062
386 1089
386 1108
386 1157
386 1186
386 1226
387 894
387 1457
387 1446
388 620
388 756
388 853
388 867
388 882
388 983
388 995
388 1023
388 1074
388 1121
388 1284
388 1285
389 679
389 825
389 895
389 1270
390 399
390 418
390 433
390 491
390 492
390 499
390 503
390 504
390 512
390 520
390 534
390 537
390 571
390 583
390 639
390 643
390 648
390 682
390 701
390 705
390 715
390 730
390 780
390 784
390 815
390 818
390 856
390 881
390 892
390 898
390 906
390 919
390 945
390 956
390 970
390 985
390 987
390 1003
390 1007
390 1041
390 1052
390 1062
390 1066
390 1088
390 1089
390 1092
390 1097
390 1098
390 1108
390 1128
390 1147
390 1152
390 1157
390 1168
390 1171
390 1203
390 1220
390 1221
390 1229
390 1232
390 1235
390 1237
391 607
391 878
391 1008
391 1054
391 1357
392 428
392 445
392 456
392 464
392 577
392 578
392 586
392 689
392 769
392 786
392 855
392 917
392 941
392 1000
392 1061
392 1065
392 1105
392 1184
392 1201
392 1242
392 1245
393 427
393 451
393 525
393 1458
394 664
394 1113
395 1420
396 908
396 1096
396 1251
397 1416
398 584
399 418
399 467
399 503
399 512
399 523
399 544
399 661
399 672
399 705
399 730
399 818
399 821
399 824
399 881
399 885
399 890
399 892
399 893
399 898
399 922
399 928
399 942
399 988
399 1007
399 1027
399 1057
399 1062
399 1066
399 1072
399 1088
399 1097
399 1152
399 1157
399 1168
399 1187
399 1197
399 1211
399 1216
399 1221
399 1224
399 1229
399 1232
399 1235
399 1380
400 517
400 536
400 939
400 984
400 1122
400 1459
401 924
402 875
403 726
403 1460
404 501
404 1461
405 579
405 781
405 929
405 1010
405 1462
406 1463
407 1100
407 1464
408 475
408 478
408 563
408 674
408 675
408 763
408 807
408 1096
408 1102
408 1191
408 1319
409 443
409 619
409 653
409 806
409 1022
410 598
410 621
410 782
410 804
410 1429
410 1438
411 1465
412 568
412 659
412 838
412 1204
412 1413
413 1374
414 440
414 503
414 650
414 818
414 1003
414 1168
414 1237
414 1419
415 596
415 698
415 1034
415 1222
416 888
416 1078
416 1079
416 1150
416 1303
417 1466
418 449
418 467
418 481
418 503
418 523
418 534
418 583
418 588
418 628
418 650
418 661
418 672
418 699
418 821
418 854
418 881
418 885
418 890
418 892
418 893
418 910
418 942
418 951
418 970
418 988
418 1027
418 1066
418 1072
418 1088
418 1097
418 1109
418 1139
418 1152
418 1157
418 1168
418 1187
418 1197
418 1216
418 1221
418 1224
418 1229
418 1232
418 1237
418 1380
419 1467
420 555
420 714
420 1321
420 920
420 1322
421 424
421 439
421 468
421 494
421 496
421 498
421 600
421 631
421 742
421 1009
421 1071
421 1145
421 1182
421 1208
421 1286
421 1384
422 1468
423 733
423 1038
423 1469
424 483
424 485
424 496
424 507
424 622
424 647
424 656
424 700
424 718
424 849
424 975
424 1049
424 1071
424 1145
424 1174
424 1193
424 1195
424 1384
425 502
425 529
425 539
425 589
425 660
425 663
425 904
425 1036
425 1116
425 1134
425 1149
425 1158
425 1185
425 1215
425 1241
425 1298
426 581
426 791
426 872
426 1470
426 946
426 1043
426 1069
426 1194
426 1315
426 1263
427 451
427 525
428 445
428 464
428 526
428 530
428 566
428 577
428 578
428 586
428 671
428 689
428 712
428 739
428 786
428 792
428 822
428 855
428 912
428 917
428 941
428 948
428 977
428 999
428 1000
428 1039
428 1061
428 1065
428 1105
428 1184
428 1201
428 1227
428 1233
428 1242
428 1260
428 1245
428 1311
429 454
430 1471
431 531
431 1183
431 1296
432 736
432 820
433 440
433 491
433 492
433 499
433 503
433 512
433 520
433 534
433 537
433 571
433 583
433 592
433 639
433 648
433 682
433 701
433 705
433 715
433 730
433 780
433 784
433 815
433 818
433 856
433 892
433 898
433 906
433 919
433 945
433 955
433 985
433 987
433 1003
433 1007
433 1041
433 1052
433 1062
433 1089
433 1092
433 1108
433 1128
433 1147
433 1157
433 1168
433 1171
433 1376
433 1203
433 1220
433 1229
433 1237
434 1472
435 585
435 596
435 601
435 686
435 698
435 766
435 788
435 877
435 887
435 914
435 925
435 928
435 933
435 972
435 1034
435 1040
435 1101
435 1171
435 1222
435 1234
435 1239
435 1244
435 1276
436 561
436 829
436 937
436 1176
437 1473
438 470
438 538
438 763
438 902
438 1178
438 1223
438 1251
439 468
439 494
439 498
439 600
439 631
439 742
439 1009
439 1071
439 1145
439 1182
439 1208
439 1286
440 503
440 512
440 520
440 537
440 544
440 583
440 585
440 649
440 673
440 701
440 705
440 715
440 730
440 784
440 788
440 815
440 818
440 892
440 898
440 919
440 926
440 960
440 985
440 987
440 994
440 1001
440 1003
440 1007
440 1040
440 1043
440 1057
440 1066
440 1069
440 1101
440 1108
440 1157
440 1159
440 1168
440 1171
440 1186
440 1203
440 1211
440 1309
440 1220
440 1224
440 1229
441 778
441 1271
442 1474
442 1475
443 547
443 815
443 953
443 957
443 985
443 1110
443 1476
444 1395
445 456
445 464
445 544
445 586
445 689
445 769
445 855
445 917
445 941
445 1281
445 1105
445 1201
445 1242
445 1245
446 1477
447 535
447 1125
448 681
448 1478
448 1479
448 1175
448 1480
449 628
449 699
449 821
449 881
449 905
449 951
449 1027
449 1066
449 1072
449 1097
449 1139
449 1168
449 1221
449 1380
450 601
451 525
452 571
452 919
452 1481
452 1052
453 465
453 602
453 809
453 825
453 834
453 860
453 866
453 897
453 911
453 943
453 1482
453 1114
453 1483
453 1131
453 1484
453 1266
454 1485
455 1486
456 544
456 689
456 769
456 792
456 855
456 1105
456 1245
457 524
457 634
457 1274
458 1487
459 1488
460 497
460 553
460 594
460 1006
460 1082
460 1084
460 1489
461 500
461 710
461 1166
461 1167
462 508
462 526
462 605
462 649
462 1018
462 1039
462 1159
462 1412
463 1440
464 526
464 530
464 566
464 577
464 578
464 586
464 636
464 689
464 769
464 786
464 855
464 891
464 912
464 917
464 941
464 977
464 999
464 1000
464 1039
464 1053
464 1061
464 1065
464 1105
464 1184
464 1201
464 1227
464 1233
464 1242
464 1260
464 1245
464 1311
465 1404
465 897
466 1352
467 481
467 523
467 588
467 661
467 672
467 699
467 821
467 854
467 885
467 890
467 893
467 988
467 1027
467 1066
467 1072
467 1088
467 1097
467 1152
467 1157
467 1168
467 1187
467 1197
467 1221
467 1224
467 1232
467 1380
468 494
468 498
468 600
468 631
468 742
468 1490
468 1009
468 1071
468 1145
468 1208
468 1286
469 1383
470 478
470 538
470 763
470 902
470 1087
470 1112
470 1178
470 1223
470 1251
471 577
471 917
472 1491
472 1351
472 1426
473 1492
474 929
475 478
475 563
475 674
475 675
475 763
475 807
475 989
475 1096
475 1102
475 1191
475 1319
476 644
477 619
478 522
478 538
478 563
478 674
478 763
478 820
478 902
478 979
478 998
478 1029
478 1087
478 1096
478 1493
478 1178
478 1191
478 1223
478 1251
478 1331
479 547
480 645
480 779
480 1025
480 1135
480 1198
480 1213
480 1364
481 661
481 885
481 892
481 893
481 1066
481 1072
481 1088
481 1168
481 1221
481 1380
482 543
482 593
482 751
483 485
483 496
483 507
483 622
483 647
483 656
483 700
483 718
483 849
483 975
483 1049
483 1071
483 1174
483 1193
483 1195
483 1384
484 547
484 829
484 841
484 924
485 496
485 507
485 622
485 647
485 656
485 700
485 718
485 849
485 975
485 1174
485 1193
485 1195
485 1384
486 533
486 1274
487 1494
488 1495
489 1496
490 1299
491 499
491 503
491 504
491 512
491 520
491 527
491 534
491 537
491 571
491 583
491 639
491 648
491 650
491 682
491 701
491 705
491 730
491 780
491 784
491 785
491 815
491 818
491 856
491 892
491 898
491 906
491 919
491 945
491 955
491 956
491 960
491 985
491 987
491 1003
491 1007
491 1041
491 1052
491 1062
491 1089
491 1092
491 1108
491 1128
491 1375
491 1147
491 1156
491 1157
491 1168
491 1171
491 1186
491 1203
491 1220
491 1226
491 1229
491 1235
491 1237
492 499
492 504
492 520
492 1497
492 571
492 583
492 592
492 780
492 1498
492 898
492 945
492 987
492 1052
492 1062
492 1092
492 1147
492 1157
493 533
493 574
493 635
493 662
493 729
493 865
493 868
493 899
493 950
493 958
493 1020
493 1025
493 1029
493 1033
493 1078
493 1133
493 1200
493 1274
493 1364
494 498
494 600
494 631
494 742
494 1009
494 1071
494 1145
494 1182
494 1208
494 1286
495 535
495 719
495 1125
495 1409
496 507
496 622
496 647
496 656
496 700
496 718
496 849
496 975
496 1049
496 1071
496 1174
496 1193
496 1195
496 1384
497 553
497 594
497 1006
497 1082
497 1084
497 1489
498 600
498 631
498 742
498 1009
498 1071
498 1145
498 1182
498 1208
498 1286
499 520
499 571
499 639
499 657
499 682
499 780
499 945
499 987
499 1003
499 1007
499 1052
499 1062
499 1092
499 1128
499 1375
499 1147
499 1157
500 551
500 560
500 585
500 710
500 974
500 1005
500 1046
500 1161
500 1166
500 1167
500 1361
501 1499
502 529
502 539
502 589
502 660
502 663
502 904
502 989
502 1036
502 1116
502 1134
502 1149
502 1158
502 1185
502 1215
502 1241
502 1298
503 504
503 512
503 520
503 534
503 537
503 569
503 571
503 583
503 588
503 639
503 648
503 650
503 661
503 682
503 701
503 705
503 715
503 730
503 780
503 784
503 815
503 856
503 892
503 898
503 906
503 919
503 945
503 951
503 960
503 985
503 987
503 1003
503 1007
503 1041
503 1052
503 1062
503 1072
503 1089
503 1097
503 1101
503 1152
503 1157
503 1168
503 1171
503 1186
503 1221
503 1235
503 1237
503 1380
504 512
504 520
504 571
504 583
504 592
504 617
504 648
504 682
504 780
504 815
504 856
504 906
504 1429
504 985
504 1003
504 1007
504 1052
504 1062
504 1089
504 1157
504 1168
504 1237
505 511
505 564
505 612
505 706
505 1142
505 1180
506 1028
506 1434
507 622
507 647
507 656
507 700
507 718
507 849
507 975
507 1049
507 1174
507 1193
507 1195
507 1384
508 544
508 605
508 649
508 1500
508 784
508 922
508 1018
508 1039
508 1120
508 1159
508 1412
509 590
509 831
509 1417
509 1433
510 524
510 630
510 634
510 675
510 903
510 993
510 1055
510 1060
510 1162
510 1210
510 1348
510 1316
511 564
511 575
511 612
511 706
511 772
511 991
511 1142
511 1180
511 1189
511 1190
511 1223
511 1246
512 520
512 523
512 534
512 537
512 571
512 583
512 588
512 639
512 648
512 672
512 705
512 715
512 730
512 780
512 784
512 815
512 818
512 856
512 881
512 892
512 893
512 898
512 906
512 981
512 985
512 987
512 1001
512 1003
512 1007
512 1041
512 1052
512 1062
512 1066
512 1089
512 1101
512 1108
512 1128
512 1148
512 1156
512 1157
512 1168
512 1171
512 1187
512 1203
512 1221
512 1229
512 1235
512 1237
513 1501
514 519
514 795
514 832
514 930
515 1502
516 1503
516 1504
517 536
517 861
517 939
517 984
517 1122
517 1459
518 1359
518 892
518 1052
518 1168
519 795
519 832
519 930
520 527
520 534
520 537
520 571
520 583
520 592
520 639
520 643
520 648
520 650
520 661
520 682
520 701
520 705
520 715
520 730
520 780
520 784
520 815
520 818
520 854
520 856
520 881
520 892
520 898
520 906
520 945
520 951
520 955
520 1429
520 970
520 985
520 987
520 1003
520 1505
520 1007
520 1041
520 1052
520 1062
520 1089
520 1092
520 1097
520 1108
520 1128
520 1375
520 1147
520 1157
520 1168
520 1171
520 1203
520 1211
520 1220
520 1221
520 1229
520 1235
520 1237
521 561
521 1506
522 654
522 1258
522 979
522 1259
522 1331
523 588
523 661
523 672
523 699
523 821
523 854
523 885
523 890
523 893
523 942
523 1027
523 1066
523 1072
523 1088
523 1097
523 1152
523 1157
523 1168
523 1187
523 1197
523 1216
523 1221
523 1224
523 1232
523 1380
524 630
524 634
524 660
524 675
524 903
524 989
524 993
524 1012
524 1021
524 1055
524 1056
524 1060
524 1116
524 1162
524 1210
524 1348
524 1316
524 1241
525 1458
526 530
526 544
526 1507
526 689
526 784
526 818
526 855
526 891
526 912
526 928
526 977
526 1101
526 1508
526 1168
526 1171
526 1202
526 1224
526 1227
526 1260
527 583
527 639
527 780
527 815
527 856
527 985
527 1007
527 1062
527 1108
527 1147
527 1168
528 1509
529 539
529 660
529 663
529 904
529 1116
529 1134
529 1149
529 1158
529 1185
529 1215
529 1241
529 1298
530 689
530 855
530 870
530 891
530 912
530 941
530 977
530 1000
530 1053
530 1065
530 1227
530 1260
531 582
531 606
531 618
531 641
531 721
531 810
531 814
531 819
531 852
531 1044
531 1048
531 1103
531 1129
531 1137
531 1183
531 1186
531 1212
531 1296
532 1510
533 729
533 757
533 865
533 1200
533 1274
534 537
534 571
534 583
534 639
534 648
534 661
534 682
534 701
534 705
534 730
534 780
534 784
534 815
534 856
534 892
534 898
534 906
534 942
534 945
534 955
534 985
534 987
534 1001
534 1003
534 1007
534 1052
534 1057
534 1062
534 1066
534 1072
534 1089
534 1101
534 1108
534 1128
534 1152
534 1157
534 1168
534 1171
534 1186
534 1203
534 1211
534 1221
534 1224
534 1226
534 1229
534 1232
534 1235
534 1237
535 561
535 719
535 1125
535 1409
536 861
536 939
536 984
536 1122
536 1459
537 571
537 583
537 639
537 643
537 648
537 682
537 705
537 730
537 780
537 784
537 815
537 821
537 856
537 892
537 898
537 955
537 970
537 987
537 1003
537 1007
537 1052
537 1062
537 1066
537 1089
537 1092
537 1108
537 1147
537 1157
537 1168
537 1171
537 1221
537 1224
537 1229
537 1237
537 1380
538 763
538 902
538 1087
538 1178
538 1223
538 1251
539 589
539 660
539 663
539 904
539 989
539 1036
539 1077
539 1116
539 1134
539 1149
539 1158
539 1185
539 1215
539 1241
539 1298
540 1511
541 1398
542 601
542 686
542 925
543 593
543 751
544 573
544 584
544 605
544 649
544 769
544 818
544 827
544 922
544 1001
544 1066
544 1100
544 1105
544 1159
544 1373
544 1512
544 1245
545 1016
545 1253
546 727
546 1323
547 722
547 829
547 841
547 924
547 1177
548 764
548 1353
549 1250
549 1513
550 1514
551 560
551 710
551 974
551 1005
551 1150
551 1161
551 1166
551 1167
551 1361
552 968
552 1401
553 594
553 1006
553 1082
553 1084
553 1489
554 704
554 723
554 1325
555 714
555 1321
555 920
556 1280
557 690
557 826
557 913
558 875
558 1273
559 1330
560 710
560 974
560 1005
560 1161
560 1166
560 1167
560 1361
561 1506
561 1240
562 892
562 1443
563 674
563 763
563 807
563 908
563 965
563 969
563 1096
563 1102
563 1191
563 1251
563 1319
564 575
564 612
564 706
564 772
564 991
564 1142
564 1180
564 1189
564 1190
564 1223
564 1246
565 1515
566 577
566 671
566 689
566 712
566 822
566 855
566 917
566 941
566 948
566 999
566 1000
566 1039
566 1228
566 1333
566 1245
566 1311
567 1516
568 659
568 986
568 1196
568 1204
568 1413
569 780
569 815
569 856
569 945
569 1157
570 664
570 1113
571 583
571 639
571 648
571 682
571 701
571 705
571 715
571 730
571 780
571 784
571 815
571 856
571 892
571 898
571 906
571 945
571 955
571 956
571 987
571 1003
571 1007
571 1041
571 1052
571 1062
571 1089
571 1092
571 1108
571 1128
571 1375
571 1147
571 1157
571 1168
571 1171
571 1376
571 1203
571 1220
571 1235
571 1237
572 1172
572 1247
573 1066
573 1111
573 1168
574 635
574 662
574 729
574 868
574 899
574 950
574 958
574 1020
574 1025
574 1033
574 1364
575 612
575 706
575 772
575 991
575 1142
575 1180
575 1246
576 1517
577 586
577 671
577 689
577 712
577 786
577 792
577 822
577 855
577 917
577 941
577 948
577 999
577 1000
577 1039
577 1061
577 1184
577 1201
577 1233
577 1333
577 1242
577 1245
577 1311
578 586
578 689
578 855
578 1201
578 1245
579 781
579 929
579 1010
579 1462
580 1068
580 1211
581 791
581 872
581 946
581 1194
581 1315
582 606
582 618
582 641
582 721
582 810
582 814
582 819
582 852
582 1044
582 1048
582 1103
582 1129
582 1137
582 1183
582 1212
582 1296
583 639
583 643
583 648
583 682
583 701
583 705
583 715
583 730
583 780
583 784
583 815
583 818
583 856
583 881
583 892
583 898
583 906
583 919
583 955
583 960
583 981
583 985
583 987
583 1003
583 1007
583 1041
583 1052
583 1062
583 1066
583 1088
583 1089
583 1092
583 1098
583 1101
583 1108
583 1128
583 1147
583 1157
583 1168
583 1171
583 1518
583 1186
583 1376
583 1203
583 1220
583 1221
583 1224
583 1226
583 1229
583 1235
583 1237
584 846
584 979
584 1373
585 596
585 686
585 710
585 766
585 788
585 818
585 914
585 925
585 928
585 933
585 1519
585 972
585 1034
585 1040
585 1057
585 1066
585 1101
585 1166
585 1167
585 1168
585 1171
585 1203
585 1211
585 1222
585 1234
585 1276
586 689
586 769
586 786
586 855
586 917
586 941
586 977
586 999
586 1000
586 1061
586 1065
586 1105
586 1201
586 1233
586 1242
586 1245
587 603
587 614
587 666
587 668
587 1110
587 1115
587 1144
587 1160
587 1163
587 1377
588 628
588 661
588 672
588 699
588 705
588 821
588 881
588 885
588 892
588 893
588 898
588 910
588 1027
588 1066
588 1072
588 1088
588 1097
588 1109
588 1139
588 1152
588 1157
588 1168
588 1187
588 1197
588 1216
588 1221
588 1224
588 1232
588 1237
588 1380
589 660
589 663
589 904
589 1036
589 1116
589 1134
589 1149
589 1158
589 1185
589 1215
589 1241
589 1298
590 831
591 1520
592 780
592 945
592 985
592 1007
592 1052
592 1147
592 1157
593 751
594 1006
594 1082
594 1084
594 1489
595 1521
596 686
596 698
596 766
596 788
596 887
596 914
596 925
596 928
596 933
596 1034
596 1040
596 1101
596 1211
596 1222
596 1234
596 1276
597 1522
598 621
598 782
598 1438
599 1523
599 1126
599 1255
600 631
600 742
600 1009
600 1071
600 1145
600 1182
600 1208
600 1286
601 686
601 749
601 877
601 887
601 914
601 925
601 972
601 1034
601 1052
601 1101
601 1308
601 1171
601 1222
601 1234
601 1276
602 648
602 809
602 825
602 834
602 866
602 911
602 943
602 987
602 1028
602 1114
602 1131
602 1265
602 1266
603 614
603 666
603 668
603 1110
603 1115
603 1144
603 1160
603 1163
603 1377
603 1401
604 764
605 649
605 771
605 784
605 1039
605 1159
605 1186
606 641
606 716
606 721
606 810
606 814
606 852
606 1044
606 1048
606 1103
606 1129
606 1183
606 1212
606 1296
607 878
607 1008
607 1054
607 1357
608 653
609 1393
610 816
610 1349
610 963
610 1350
611 747
611 1524
612 706
612 772
612 991
612 1142
612 1180
612 1189
612 1190
612 1223
612 1246
613 835
613 851
614 666
614 668
614 1110
614 1115
614 1144
614 1160
614 1163
614 1377
615 695
615 964
615 1070
615 1219
615 1525
616 1365
617 1526
618 641
618 721
618 810
618 814
618 819
618 852
618 1044
618 1048
618 1103
618 1129
618 1137
618 1183
618 1296
619 653
619 806
619 849
619 924
620 756
620 853
620 867
620 882
620 949
620 983
620 995
620 1051
620 1074
620 1121
621 782
621 1429
621 1438
622 647
622 656
622 700
622 718
622 849
622 975
622 1174
622 1193
622 1195
622 1384
623 743
623 1493
623 1140
623 1214
624 1430
625 1256
626 924
626 1527
627 1528
628 699
628 821
628 875
628 910
628 1072
628 1097
628 1109
628 1139
628 1168
628 1221
628 1380
629 1500
630 660
630 675
630 903
630 1055
630 1056
630 1060
630 1116
630 1162
630 1348
630 1316
631 742
631 1009
631 1071
631 1145
631 1182
631 1208
631 1286
632 746
632 1363
633 874
633 1529
634 993
634 1012
634 1021
634 1056
634 1060
634 1210
635 729
635 779
635 868
635 899
635 950
635 958
635 1020
635 1025
635 1033
635 1198
635 1364
636 689
636 855
636 891
636 912
636 1000
636 1053
636 1065
636 1227
637 1415
638 665
638 762
638 1401
639 648
639 682
639 701
639 705
639 715
639 730
639 780
639 784
639 815
639 856
639 892
639 906
639 945
639 955
639 985
639 987
639 1003
639 1007
639 1041
639 1052
639 1062
639 1089
639 1108
639 1147
639 1157
639 1168
639 1171
639 1203
639 1220
639 1229
639 1235
639 1237
640 1530
641 721
641 810
641 814
641 852
641 1044
641 1048
641 1103
641 1129
641 1137
641 1183
641 1186
641 1212
641 1296
642 1531
643 784
643 815
643 856
643 955
643 1007
643 1058
643 1062
643 1108
643 1147
643 1171
643 1518
644 844
644 921
644 1532
645 779
645 1025
645 1135
645 1198
645 1213
645 1364
646 1080
646 1382
647 656
647 700
647 718
647 849
647 975
647 1071
647 1145
647 1174
647 1193
647 1195
647 1384
648 682
648 701
648 705
648 730
648 780
648 784
648 815
648 818
648 856
648 866
648 892
648 898
648 906
648 985
648 987
648 1003
648 1007
648 1041
648 1052
648 1062
648 1089
648 1108
648 1157
648 1168
648 1171
648 1199
648 1203
648 1220
648 1229
648 1235
649 784
649 815
649 818
649 892
649 1039
649 1159
649 1171
649 1203
649 1224
650 661
650 705
650 818
650 856
650 892
650 960
650 1052
650 1066
650 1089
650 1139
650 1157
650 1168
650 1171
650 1203
650 1221
650 1229
650 1237
650 1401
651 755
651 775
651 1169
651 1533
652 1534
653 806
653 841
653 924
654 1259
654 1535
655 1536
656 700
656 718
656 849
656 975
656 1049
656 1174
656 1193
656 1195
656 1384
657 682
657 945
658 1251
659 1413
660 663
660 904
660 989
660 1036
660 1116
660 1134
660 1149
660 1158
660 1185
660 1215
660 1241
660 1298
661 672
661 699
661 821
661 854
661 881
661 885
661 890
661 892
661 893
661 910
661 942
661 988
661 1027
661 1057
661 1062
661 1066
661 1072
661 1088
661 1097
661 1109
661 1148
661 1152
661 1157
661 1168
661 1187
661 1197
661 1211
661 1216
661 1221
661 1224
661 1232
661 1380
662 729
662 868
662 899
662 950
662 958
662 1020
662 1025
662 1033
662 1364
663 904
663 989
663 1036
663 1116
663 1134
663 1149
663 1158
663 1185
663 1215
663 1241
663 1298
664 1113
664 1261
665 936
665 1537
666 668
666 1110
666 1115
666 1136
666 1144
666 1160
666 1163
666 1377
667 922
668 1115
668 1144
668 1160
668 1163
668 1377
669 1538
670 699
670 821
670 910
670 1109
670 1139
670 1221
671 712
671 822
671 917
671 941
671 948
671 999
671 1039
671 1228
672 699
672 821
672 854
672 885
672 890
672 892
672 893
672 988
672 1027
672 1066
672 1072
672 1088
672 1097
672 1152
672 1157
672 1168
672 1187
672 1197
672 1216
672 1221
672 1224
672 1229
672 1232
672 1380
673 898
673 922
673 1130
674 763
674 807
674 1096
674 1102
674 1191
674 1319
675 763
675 903
675 1060
675 1096
675 1162
675 1191
675 1274
675 1316
675 1319
676 1539
677 805
677 1372
678 884
678 1004
678 1123
678 1312
679 825
679 895
679 1270
680 1440
680 1540
681 1167
682 730
682 780
682 784
682 815
682 856
682 906
682 945
682 970
682 985
682 987
682 1003
682 1007
682 1052
682 1062
682 1089
682 1092
682 1128
682 1375
682 1147
682 1157
682 1168
683 1189
683 1190
683 1205
683 1240
683 1246
684 1436
685 983
685 1051
685 1074
685 1121
686 698
686 759
686 766
686 788
686 818
686 877
686 887
686 914
686 925
686 928
686 933
686 972
686 1034
686 1040
686 1090
686 1101
686 1171
686 1179
686 1222
686 1234
686 1244
686 1276
687 689
688 1271
689 712
689 769
689 786
689 855
689 870
689 891
689 912
689 917
689 941
689 977
689 999
689 1000
689 1039
689 1053
689 1061
689 1065
689 1105
689 1184
689 1201
689 1227
689 1233
689 1242
689 1260
689 1245
689 1311
690 826
690 909
690 913
690 1107
690 1293
691 1002
691 1073
691 1104
691 1367
692 931
692 1267
693 835
693 901
694 1541
695 964
695 1219
695 1525
696 1031
697 1098
697 1542
698 766
698 788
698 887
698 914
698 925
698 928
698 1034
698 1222
698 1234
698 1244
698 1276
699 821
699 881
699 885
699 890
699 893
699 910
699 1027
699 1066
699 1072
699 1088
699 1097
699 1109
699 1139
699 1152
699 1157
699 1168
699 1187
699 1197
699 1221
699 1232
699 1380
700 718
700 849
700 975
700 1049
700 1071
700 1174
700 1193
700 1195
700 1384
701 703
701 705
701 715
701 730
701 749
701 780
701 784
701 785
701 815
701 818
701 856
701 892
701 898
701 906
701 922
701 928
701 981
701 985
701 987
701 1003
701 1007
701 1041
701 1052
701 1062
701 1066
701 1089
701 1101
701 1108
701 1128
701 1143
701 1148
701 1157
701 1168
701 1171
701 1203
701 1211
701 1220
701 1229
701 1237
701 1345
702 1543
703 981
703 1001
703 1041
703 1434
704 723
704 1325
705 715
705 730
705 780
705 784
705 815
705 818
705 856
705 892
705 898
705 906
705 955
705 985
705 987
705 1003
705 1007
705 1041
705 1052
705 1062
705 1066
705 1072
705 1088
705 1089
705 1101
705 1108
705 1128
705 1147
705 1156
705 1157
705 1168
705 1171
705 1186
705 1203
705 1220
705 1226
705 1229
705 1235
705 1237
705 1380
706 772
706 991
706 1142
706 1180
706 1189
706 1190
706 1223
706 1246
707 796
708 777
708 1544
709 736
709 820
710 720
710 840
710 974
710 1005
710 1046
710 1161
710 1166
710 1167
710 1361
711 1214
712 822
712 917
712 941
712 948
712 999
712 1000
712 1039
712 1228
712 1333
712 1311
713 800
713 823
713 961
713 1355
714 920
714 1322
715 730
715 780
715 784
715 785
715 788
715 815
715 818
715 856
715 892
715 898
715 960
715 994
715 996
715 1003
715 1007
715 1062
715 1089
715 1101
715 1108
715 1157
715 1168
715 1171
715 1186
715 1203
715 1309
715 1220
715 1229
716 1103
717 1024
717 1410
718 849
718 924
718 975
718 1049
718 1071
718 1174
718 1193
718 1195
718 1384
719 1125
719 1409
720 1030
720 1063
720 1093
720 1132
720 1141
720 1225
720 1252
720 1319
721 810
721 814
721 852
721 1044
721 1048
721 1341
721 1103
721 1129
721 1137
721 1183
721 1212
721 1296
722 1177
723 1325
724 1545
725 859
725 1176
726 1460
727 1323
728 751
728 1474
729 865
729 868
729 899
729 950
729 958
729 1020
729 1025
729 1033
729 1200
729 1274
729 1364
730 780
730 784
730 815
730 818
730 856
730 892
730 898
730 906
730 928
730 955
730 985
730 987
730 996
730 1003
730 1007
730 1041
730 1052
730 1062
730 1066
730 1089
730 1092
730 1101
730 1108
730 1128
730 1148
730 1152
730 1156
730 1157
730 1168
730 1171
730 1186
730 1187
730 1203
730 1224
730 1226
730 1229
730 1237
731 767
731 1546
731 1408
732 1547
733 1038
733 1469
734 1288
735 1076
736 820
737 1548
738 830
738 1282
739 1000
739 1061
739 1065
739 1233
740 813
740 1262
741 1293
742 1009
742 1071
742 1145
742 1182
742 1208
742 1286
743 1493
744 845
744 1549
745 848
745 871
745 1099
745 1106
745 1133
745 1173
745 1188
745 1190
745 1243
745 1246
745 1342
746 1363
747 1524
748 1550
749 1066
750 1551
751 1474
751 1475
752 1552
753 1155
753 1412
754 1553
755 775
755 1169
756 853
756 867
756 882
756 949
756 983
756 995
756 1023
756 1051
756 1074
756 1121
756 1285
757 1200
758 1554
759 766
759 914
759 933
759 972
759 1034
760 1555
761 1416
762 815
762 1037
763 902
763 908
763 969
763 1087
763 1096
763 1102
763 1112
763 1178
763 1191
763 1223
763 1251
763 1319
764 1353
764 1556
765 952
765 1557
766 788
766 887
766 914
766 925
766 928
766 933
766 972
766 1034
766 1040
766 1101
766 1211
766 1222
766 1234
766 1244
766 1276
767 1408
768 1079
768 1558
769 855
769 917
769 941
769 1281
769 1105
769 1201
769 1242
769 1245
770 1559
771 876
771 1047
771 1159
772 991
772 1142
772 1180
772 1189
772 1190
772 1223
772 1246
773 1436
774 799
774 1099
774 1119
774 1189
774 1205
774 1206
774 1240
774 1243
774 1246
775 1169
775 1533
776 1560
777 1544
778 957
778 997
778 1271
779 1025
779 1135
779 1198
779 1213
779 1223
779 1364
780 784
780 815
780 856
780 892
780 898
780 906
780 919
780 945
780 955
780 985
780 987
780 1003
780 1007
780 1041
780 1052
780 1062
780 1089
780 1092
780 1108
780 1128
780 1375
780 1147
780 1157
780 1168
780 1171
780 1186
780 1376
780 1203
780 1220
780 1229
780 1235
780 1237
781 929
781 1010
781 1462
782 804
782 1438
783 874
783 1529
784 785
784 788
784 815
784 818
784 856
784 892
784 898
784 906
784 919
784 922
784 928
784 955
784 985
784 987
784 994
784 1003
784 1007
784 1037
784 1039
784 1052
784 1058
784 1062
784 1089
784 1092
784 1108
784 1157
784 1159
784 1168
784 1171
784 1186
784 1203
784 1309
784 1224
784 1561
784 1229
785 815
785 856
785 1003
785 1041
785 1108
785 1168
785 1171
785 1419
786 855
786 912
786 917
786 1000
786 1061
786 1065
786 1201
786 1386
786 1227
786 1233
786 1242
786 1245
787 880
787 1562
788 815
788 818
788 877
788 887
788 914
788 925
788 928
788 933
788 972
788 1034
788 1040
788 1090
788 1101
788 1143
788 1170
788 1171
788 1179
788 1202
788 1211
788 1222
788 1234
788 1239
788 1244
788 1276
789 1283
790 1400
791 872
791 946
791 1043
791 1069
791 1194
791 1315
792 855
792 941
792 1064
792 1105
792 1201
792 1245
793 1204
794 824
794 1563
795 832
795 930
795 1564
796 1565
797 891
797 912
797 1053
797 1227
797 1260
798 1566
799 1099
799 1119
799 1189
799 1190
799 1205
799 1206
799 1240
799 1243
799 1246
800 823
800 961
800 1355
801 1567
802 1127
802 1154
802 1318
803 1504
804 1438
805 1371
805 1372
806 857
806 1429
807 1096
807 1102
807 1191
807 1319
808 1242
809 825
809 834
809 866
809 911
809 943
809 1028
809 1114
809 1131
809 1266
810 814
810 852
810 1044
810 1048
810 1341
810 1103
810 1129
810 1137
810 1183
810 1186
810 1212
810 1296
811 1568
812 1569
813 1262
814 852
814 1044
814 1048
814 1341
814 1103
814 1129
814 1137
814 1183
814 1212
814 1296
815 818
815 856
815 892
815 898
815 906
815 928
815 945
815 955
815 985
815 987
815 1003
815 1007
815 1034
815 1037
815 1041
815 1052
815 1058
815 1062
815 1089
815 1092
815 1101
815 1108
815 1128
815 1375
815 1147
815 1157
815 1168
815 1171
815 1186
815 1203
815 1220
815 1224
815 1235
815 1239
815 1401
816 1349
816 963
816 1350
816 1447
817 1278
818 892
818 898
818 919
818 922
818 925
818 928
818 960
818 985
818 1001
818 1003
818 1007
818 1034
818 1037
818 1040
818 1057
818 1062
818 1066
818 1089
818 1101
818 1108
818 1130
818 1156
818 1157
818 1168
818 1171
818 1186
818 1203
818 1211
818 1309
818 1220
818 1224
818 1229
818 1234
818 1235
818 1276
819 1212
819 1296
820 979
821 881
821 885
821 892
821 893
821 970
821 1027
821 1066
821 1072
821 1088
821 1097
821 1109
821 1139
821 1152
821 1168
821 1187
821 1197
821 1221
821 1224
821 1229
821 1232
821 1237
821 1380
822 917
822 941
822 948
822 999
822 1000
822 1039
822 1184
822 1311
823 961
823 1355
824 1066
824 1088
824 1563
824 1216
825 834
825 866
825 895
825 911
825 943
825 987
825 1028
825 1114
825 1131
825 1265
825 1270
825 1266
826 909
826 913
826 1107
826 1293
827 968
827 1401
828 1570
829 841
829 910
829 1022
830 1282
831 1417
831 1433
832 930
833 1571
834 866
834 911
834 943
834 1114
834 1131
834 1266
835 851
835 901
835 1153
835 1176
836 1572
837 1573
838 1204
839 936
839 1217
839 1574
840 1575
840 1576
840 1166
840 1577
840 1167
841 924
841 1180
841 1240
842 986
843 1015
843 1231
843 1236
843 1392
844 921
844 1238
844 1532
845 1549
846 1373
847 1108
847 1111
847 1239
848 871
848 1099
848 1106
848 1133
848 1173
848 1188
848 1190
848 1243
848 1246
848 1342
849 975
849 1049
849 1071
849 1174
849 1193
849 1195
849 1384
850 1578
851 1579
852 1044
852 1048
852 1103
852 1129
852 1137
852 1183
852 1186
852 1212
852 1296
853 867
853 882
853 949
853 983
853 995
853 1023
853 1051
853 1074
853 1121
854 881
854 885
854 892
854 893
854 898
854 927
854 942
854 1027
854 1066
854 1072
854 1088
854 1152
854 1157
854 1168
854 1187
854 1197
854 1221
854 1224
854 1232
855 891
855 912
855 917
855 941
855 977
855 999
855 1000
855 1039
855 1053
855 1061
855 1065
855 1105
855 1184
855 1201
855 1227
855 1233
855 1242
855 1260
855 1245
855 1311
856 892
856 898
856 906
856 945
856 955
856 970
856 985
856 987
856 994
856 1003
856 1007
856 1041
856 1052
856 1062
856 1089
856 1092
856 1101
856 1108
856 1128
856 1375
856 1147
856 1157
856 1168
856 1171
856 1203
856 1226
856 1229
856 1235
856 1237
857 901
857 1580
858 1329
859 1176
860 1576
861 984
861 1581
861 1122
861 1582
862 1159
863 1583
864 1039
864 1228
865 899
865 958
865 1025
865 1029
865 1033
865 1200
865 1274
866 911
866 943
866 1028
866 1114
866 1131
866 1266
867 882
867 949
867 983
867 995
867 1023
867 1051
867 1074
867 1121
868 899
868 950
868 958
868 1020
868 1025
868 1033
868 1364
869 1448
869 1584
870 977
871 1099
871 1106
871 1133
871 1173
871 1188
871 1189
871 1190
871 1243
871 1246
871 1342
872 946
872 1194
872 1315
873 952
873 1585
874 1529
875 1586
875 1091
875 1273
875 1587
876 1176
877 887
877 914
877 925
877 928
877 972
877 1034
877 1040
877 1101
877 1171
877 1222
877 1276
878 1008
878 1054
878 1357
879 1588
880 1562
881 885
881 892
881 893
881 898
881 942
881 1066
881 1072
881 1088
881 1097
881 1139
881 1152
881 1157
881 1168
881 1171
881 1187
881 1199
881 1221
881 1224
881 1229
881 1380
882 949
882 983
882 995
882 1023
882 1051
882 1074
882 1121
882 1285
883 1589
884 1004
884 1123
884 1312
885 890
885 892
885 893
885 910
885 942
885 1027
885 1057
885 1066
885 1072
885 1088
885 1097
885 1152
885 1157
885 1168
885 1187
885 1197
885 1216
885 1221
885 1224
885 1229
885 1232
885 1380
886 1590
887 914
887 925
887 928
887 933
887 972
887 1034
887 1101
887 1222
887 1234
887 1244
887 1276
888 1078
888 1079
888 1150
888 1303
889 936
889 1217
890 893
890 988
890 1027
890 1062
890 1066
890 1072
890 1088
890 1152
890 1168
890 1187
890 1197
890 1216
890 1221
890 1232
891 912
891 917
891 977
891 1000
891 1053
891 1061
891 1065
891 1227
891 1233
891 1260
892 893
892 898
892 906
892 927
892 981
892 985
892 987
892 1003
892 1007
892 1041
892 1052
892 1062
892 1066
892 1072
892 1088
892 1089
892 1098
892 1101
892 1108
892 1128
892 1148
892 1152
892 1156
892 1157
892 1168
892 1171
892 1187
892 1197
892 1203
892 1211
892 1216
892 1220
892 1221
892 1224
892 1229
892 1232
892 1235
892 1237
892 1380
893 898
893 988
893 1027
893 1066
893 1072
893 1088
893 1097
893 1148
893 1152
893 1157
893 1168
893 1187
893 1197
893 1199
893 1221
893 1224
893 1229
893 1232
893 1380
894 1446
895 1270
896 1591
897 1592
898 906
898 927
898 945
898 955
898 981
898 987
898 1003
898 1007
898 1052
898 1057
898 1062
898 1066
898 1072
898 1089
898 1092
898 1101
898 1108
898 1128
898 1147
898 1148
898 1152
898 1156
898 1157
898 1168
898 1171
898 1186
898 1187
898 1199
898 1203
898 1220
898 1221
898 1224
898 1229
898 1235
899 950
899 958
899 1020
899 1025
899 1033
899 1274
899 1364
900 1045
901 936
901 1153
902 1087
902 1112
902 1178
902 1223
902 1251
903 1055
903 1056
903 1060
903 1162
903 1316
904 989
904 1036
904 1116
904 1134
904 1149
904 1158
904 1185
904 1215
904 1241
904 1298
905 951
905 1139
905 1157
905 1221
906 919
906 924
906 945
906 955
906 985
906 987
906 1003
906 1007
906 1041
906 1052
906 1062
906 1089
906 1092
906 1098
906 1101
906 1108
906 1128
906 1157
906 1168
906 1171
906 1376
906 1203
906 1220
906 1229
906 1235
906 1237
907 1593
908 998
908 1096
908 1251
909 1293
910 924
910 1022
910 1072
910 1109
910 1139
910 1180
910 1221
911 943
911 1028
911 1114
911 1131
911 1266
912 917
912 977
912 1000
912 1039
912 1053
912 1061
912 1065
912 1227
912 1233
912 1260
913 1107
913 1293
914 925
914 928
914 933
914 972
914 1034
914 1040
914 1101
914 1179
914 1211
914 1222
914 1234
914 1239
914 1594
914 1244
914 1276
915 1287
916 1595
917 941
917 948
917 999
917 1000
917 1039
917 1053
917 1061
917 1065
917 1105
917 1184
917 1201
917 1227
917 1233
917 1242
917 1245
917 1311
918 967
918 1059
918 1248
919 987
919 1003
919 1007
919 1062
919 1089
919 1098
919 1157
919 1168
919 1171
919 1203
919 1229
919 1237
920 1322
921 1238
921 1532
922 928
922 1057
922 1066
922 1415
922 1130
922 1168
922 1211
923 1596
924 1022
924 1180
925 928
925 933
925 972
925 1034
925 1040
925 1101
925 1171
925 1179
925 1202
925 1211
925 1222
925 1234
925 1244
925 1276
926 1043
926 1069
926 1118
926 1207
926 1263
927 1148
927 1152
927 1224
928 933
928 972
928 987
928 1034
928 1040
928 1057
928 1066
928 1090
928 1101
928 1170
928 1171
928 1202
928 1211
928 1222
928 1234
928 1244
928 1276
929 1010
929 1462
930 1218
930 1460
931 1267
932 1563
933 972
933 1034
933 1040
933 1090
933 1101
933 1222
933 1234
933 1244
933 1276
934 1597
935 959
935 1320
936 1047
936 1153
936 1176
936 1217
936 1224
937 1085
937 1430
938 1092
939 1122
939 1459
940 1598
941 948
941 999
941 1000
941 1039
941 1061
941 1065
941 1105
941 1184
941 1201
941 1228
941 1233
941 1333
941 1242
941 1245
941 1311
942 1027
942 1066
942 1072
942 1088
942 1152
942 1157
942 1168
942 1187
942 1211
942 1216
942 1221
942 1232
943 987
943 1028
943 1114
943 1131
943 1266
944 955
945 985
945 987
945 1003
945 1007
945 1052
945 1062
945 1089
945 1092
945 1108
945 1375
945 1146
945 1147
945 1157
945 1168
946 1194
946 1315
947 1192
947 1344
948 999
948 1039
949 983
949 995
949 1023
949 1051
949 1074
949 1121
950 958
950 1020
950 1025
950 1033
950 1364
951 1139
951 1157
951 1168
951 1221
951 1237
952 1585
953 957
953 1110
954 1277
955 985
955 987
955 1003
955 1007
955 1052
955 1062
955 1089
955 1101
955 1108
955 1128
955 1146
955 1157
955 1220
955 1235
955 1237
956 1052
957 1068
957 1110
957 1599
957 1600
957 1228
958 1020
958 1025
958 1033
958 1274
958 1364
959 1320
960 996
960 1037
960 1052
960 1111
960 1159
960 1601
960 1171
960 1203
960 1237
961 1355
962 1517
963 1350
964 1070
964 1219
964 1525
965 969
965 1096
966 1602
967 1059
967 1248
968 1401
969 1096
969 1251
970 985
970 1157
970 1168
971 1167
972 1034
972 1101
972 1222
972 1234
972 1244
972 1276
973 1603
974 1161
974 1166
974 1167
974 1361
975 1049
975 1174
975 1193
975 1195
975 1384
976 1418
976 1604
977 1000
977 1039
977 1227
977 1233
977 1242
977 1260
978 1305
979 1330
979 1095
979 1331
980 1120
980 1412
981 1001
981 1007
981 1066
981 1108
981 1224
981 1229
982 1605
983 995
983 1023
983 1051
983 1074
983 1121
983 1284
983 1285
984 1122
984 1459
985 987
985 1003
985 1007
985 1052
985 1062
985 1089
985 1092
985 1108
985 1128
985 1147
985 1157
985 1168
985 1171
985 1203
985 1220
985 1229
985 1235
986 1196
987 1003
987 1007
987 1028
987 1041
987 1052
987 1062
987 1066
987 1089
987 1092
987 1101
987 1108
987 1128
987 1147
987 1148
987 1157
987 1168
987 1171
987 1203
987 1220
987 1224
987 1229
987 1235
987 1237
988 1606
988 1027
988 1062
988 1066
988 1088
988 1152
988 1157
988 1168
988 1187
988 1221
988 1224
988 1561
988 1229
988 1232
988 1607
989 1036
989 1116
989 1134
989 1149
989 1158
989 1185
989 1191
989 1215
989 1241
989 1298
990 1051
990 1121
991 1288
991 1142
991 1180
991 1190
991 1246
992 1138
993 1012
993 1021
993 1056
993 1060
993 1210
994 1003
994 1171
994 1186
995 1023
995 1051
995 1074
995 1378
995 1121
996 1171
997 1271
998 1251
999 1000
999 1039
999 1061
999 1065
999 1233
999 1242
999 1245
999 1311
1000 1039
1000 1053
1000 1061
1000 1065
1000 1184
1000 1201
1000 1386
1000 1227
1000 1233
1000 1242
1000 1260
1000 1245
1001 1159
1001 1168
1001 1229
1002 1073
1002 1104
1002 1367
1003 1007
1003 1041
1003 1052
1003 1062
1003 1066
1003 1089
1003 1092
1003 1101
1003 1108
1003 1128
1003 1147
1003 1156
1003 1157
1003 1168
1003 1171
1003 1186
1003 1203
1003 1211
1003 1220
1003 1229
1003 1235
1003 1237
1004 1123
1004 1312
1005 1078
1005 1150
1005 1161
1005 1166
1005 1167
1005 1361
1006 1082
1006 1084
1006 1489
1007 1041
1007 1052
1007 1062
1007 1066
1007 1072
1007 1088
1007 1089
1007 1092
1007 1098
1007 1108
1007 1128
1007 1147
1007 1148
1007 1156
1007 1157
1007 1168
1007 1171
1007 1186
1007 1376
1007 1203
1007 1220
1007 1221
1007 1226
1007 1229
1007 1235
1007 1237
1008 1054
1008 1357
1009 1071
1009 1145
1009 1182
1009 1208
1009 1286
1010 1462
1011 1257
1012 1021
1012 1060
1013 1335
1014 1347
1015 1231
1015 1236
1015 1392
1016 1253
1017 1223
1018 1120
1018 1412
1019 1022
1020 1025
1020 1033
1020 1364
1021 1056
1021 1060
1021 1210
1022 1180
1023 1051
1023 1074
1023 1121
1023 1284
1023 1285
1024 1410
1025 1029
1025 1033
1025 1135
1025 1198
1025 1213
1025 1223
1025 1364
1026 1608
1027 1057
1027 1066
1027 1072
1027 1088
1027 1097
1027 1152
1027 1157
1027 1168
1027 1187
1027 1197
1027 1216
1027 1221
1027 1232
1027 1380
1028 1131
1028 1434
1029 1609
1029 1274
1029 1345
1030 1063
1030 1093
1030 1132
1030 1141
1030 1225
1030 1319
1031 1127
1031 1154
1032 1153
1033 1274
1033 1364
1034 1040
1034 1090
1034 1101
1034 1171
1034 1179
1034 1211
1034 1222
1034 1234
1034 1239
1034 1244
1034 1276
1035 1610
1036 1116
1036 1134
1036 1149
1036 1158
1036 1185
1036 1215
1036 1241
1036 1298
1037 1171
1037 1401
1038 1469
1039 1061
1039 1110
1039 1120
1039 1159
1039 1227
1039 1228
1039 1412
1039 1233
1040 1057
1040 1090
1040 1101
1040 1143
1040 1171
1040 1211
1040 1222
1040 1234
1040 1244
1040 1276
1041 1052
1041 1062
1041 1089
1041 1108
1041 1128
1041 1157
1041 1168
1041 1171
1041 1186
1041 1220
1041 1226
1041 1229
1041 1237
1042 1052
1043 1069
1043 1118
1043 1186
1043 1207
1043 1309
1043 1263
1044 1048
1044 1103
1044 1129
1044 1183
1044 1212
1044 1296
1045 1611
1046 1166
1046 1167
1047 1153
1047 1164
1047 1612
1048 1103
1048 1129
1048 1137
1048 1183
1048 1296
1049 1174
1049 1193
1049 1195
1049 1384
1050 1452
1051 1074
1051 1121
1052 1062
1052 1089
1052 1092
1052 1101
1052 1108
1052 1128
1052 1375
1052 1147
1052 1157
1052 1168
1052 1171
1052 1203
1052 1229
1052 1235
1053 1065
1053 1227
1053 1260
1054 1357
1055 1060
1055 1162
1055 1348
1055 1316
1056 1060
1056 1210
1056 1316
1057 1066
1057 1088
1057 1101
1057 1148
1057 1152
1057 1187
1057 1197
1057 1211
1057 1222
1058 1108
1059 1248
1060 1162
1060 1210
1060 1316
1061 1065
1061 1201
1061 1386
1061 1227
1061 1233
1061 1242
1061 1245
1062 1066
1062 1072
1062 1089
1062 1092
1062 1108
1062 1128
1062 1375
1062 1147
1062 1148
1062 1152
1062 1157
1062 1168
1062 1171
1062 1186
1062 1187
1062 1376
1062 1203
1062 1220
1062 1221
1062 1224
1062 1229
1062 1235
1062 1237
1063 1093
1063 1132
1063 1141
1063 1225
1063 1252
1064 1105
1064 1242
1064 1245
1065 1613
1065 1184
1065 1386
1065 1227
1065 1233
1065 1242
1065 1260
1065 1245
1066 1072
1066 1088
1066 1089
1066 1097
1066 1101
1066 1130
1066 1148
1066 1152
1066 1156
1066 1157
1066 1168
1066 1171
1066 1187
1066 1197
1066 1199
1066 1203
1066 1211
1066 1216
1066 1221
1066 1224
1066 1229
1066 1232
1066 1235
1066 1380
1067 1153
1068 1110
1068 1600
1069 1118
1069 1186
1069 1207
1069 1263
1070 1219
1070 1525
1071 1145
1071 1174
1071 1182
1071 1193
1071 1195
1071 1208
1071 1286
1071 1384
1072 1088
1072 1097
1072 1109
1072 1139
1072 1148
1072 1152
1072 1157
1072 1168
1072 1187
1072 1197
1072 1216
1072 1221
1072 1224
1072 1232
1072 1237
1072 1380
1073 1104
1074 1121
1074 1284
1074 1285
1074 1186
1075 1445
1076 1614
1077 1116
1078 1150
1078 1303
1079 1150
1079 1303
1080 1382
1081 1177
1082 1084
1082 1489
1083 1218
1083 1460
1084 1489
1085 1430
1086 1382
1087 1112
1087 1178
1087 1223
1087 1251
1088 1097
1088 1148
1088 1152
1088 1157
1088 1168
1088 1187
1088 1197
1088 1199
1088 1216
1088 1221
1088 1224
1088 1229
1088 1232
1088 1235
1088 1380
1089 1092
1089 1108
1089 1128
1089 1146
1089 1147
1089 1156
1089 1157
1089 1168
1089 1171
1089 1186
1089 1203
1089 1220
1089 1226
1089 1229
1089 1235
1089 1237
1089 1419
1090 1222
1090 1244
1090 1276
1091 1587
1092 1108
1092 1128
1092 1147
1092 1157
1092 1168
1092 1171
1092 1203
1092 1220
1092 1561
1092 1346
1093 1132
1093 1141
1093 1225
1093 1252
1093 1319
1094 1615
1095 1331
1096 1102
1096 1191
1096 1251
1096 1319
1097 1109
1097 1152
1097 1157
1097 1168
1097 1187
1097 1197
1097 1221
1097 1232
1097 1380
1098 1157
1098 1168
1099 1106
1099 1119
1099 1133
1099 1173
1099 1188
1099 1189
1099 1190
1099 1205
1099 1206
1099 1240
1099 1243
1099 1246
1099 1342
1100 1464
1101 1108
1101 1168
1101 1171
1101 1202
1101 1203
1101 1211
1101 1309
1101 1220
1101 1222
1101 1229
1101 1234
1101 1244
1101 1276
1102 1191
1102 1319
1103 1129
1103 1183
1103 1212
1103 1296
1104 1367
1105 1201
1105 1242
1105 1245
1106 1133
1106 1173
1106 1188
1106 1189
1106 1190
1106 1243
1106 1246
1106 1342
1107 1293
1108 1128
1108 1147
1108 1157
1108 1168
1108 1171
1108 1203
1108 1220
1108 1224
1108 1229
1109 1139
1109 1168
1109 1221
1109 1380
1110 1115
1110 1144
1110 1160
1110 1163
1110 1377
1110 1599
1110 1600
1110 1228
1111 1601
1111 1179
1111 1230
1111 1239
1112 1178
1112 1251
1113 1261
1114 1131
1114 1265
1114 1266
1115 1136
1115 1144
1115 1160
1115 1163
1115 1377
1116 1134
1116 1149
1116 1158
1116 1185
1116 1215
1116 1241
1116 1298
1117 1616
1118 1207
1118 1263
1119 1189
1119 1190
1119 1205
1119 1206
1119 1240
1119 1243
1119 1246
1120 1412
1121 1284
1121 1285
1122 1459
1123 1312
1124 1360
1125 1409
1126 1255
1127 1154
1127 1317
1127 1318
1128 1156
1128 1157
1128 1168
1128 1171
1128 1186
1128 1187
1128 1203
1128 1220
1128 1224
1128 1237
1129 1137
1129 1183
1129 1186
1129 1212
1129 1296
1130 1211
1131 1266
1132 1141
1132 1225
1132 1252
1132 1319
1133 1173
1133 1188
1133 1189
1133 1190
1133 1243
1133 1246
1133 1342
1134 1149
1134 1158
1134 1185
1134 1215
1134 1241
1134 1298
1135 1198
1135 1213
1135 1223
1135 1364
1136 1144
1136 1160
1136 1163
1137 1183
1137 1296
1138 1617
1139 1157
1139 1168
1139 1221
1139 1224
1139 1237
1139 1380
1140 1214
1141 1225
1141 1252
1141 1319
1142 1180
1142 1189
1142 1190
1142 1223
1142 1246
1143 1234
1144 1160
1144 1163
1144 1377
1145 1182
1145 1208
1145 1286
1146 1157
1147 1157
1147 1168
1147 1171
1147 1220
1148 1152
1148 1157
1148 1168
1148 1187
1148 1197
1148 1203
1148 1211
1148 1216
1148 1224
1148 1229
1149 1158
1149 1185
1149 1215
1149 1241
1149 1298
1150 1303
1151 1618
1152 1157
1152 1168
1152 1187
1152 1197
1152 1203
1152 1211
1152 1216
1152 1221
1152 1224
1152 1229
1152 1232
1153 1176
1154 1317
1154 1318
1155 1412
1156 1157
1156 1168
1156 1187
1156 1226
1156 1229
1157 1168
1157 1171
1157 1187
1157 1203
1157 1216
1157 1220
1157 1221
1157 1224
1157 1226
1157 1229
1157 1232
1157 1235
1157 1237
1157 1380
1157 1346
1158 1185
1158 1215
1158 1241
1158 1298
1159 1619
1160 1163
1160 1377
1161 1166
1161 1167
1161 1361
1162 1348
1162 1316
1163 1377
1164 1612
1165 1259
1166 1167
1167 1361
1168 1171
1168 1187
1168 1197
1168 1203
1168 1211
1168 1216
1168 1220
1168 1221
1168 1224
1168 1226
1168 1229
1168 1232
1168 1235
1168 1237
1168 1380
1168 1401
1169 1533
1170 1244
1171 1202
1171 1203
1171 1211
1171 1309
1171 1220
1171 1222
1171 1224
1171 1229
1171 1234
1171 1235
1171 1237
1171 1276
1172 1247
1173 1188
1173 1189
1173 1190
1173 1200
1173 1274
1173 1243
1173 1246
1173 1342
1174 1193
1174 1195
1174 1384
1175 1480
1176 1180
1177 1251
1178 1223
1178 1251
1179 1211
1179 1222
1179 1239
1180 1189
1180 1190
1180 1223
1180 1240
1180 1407
1180 1246
1181 1364
1182 1208
1182 1286
1183 1212
1183 1296
1184 1233
1184 1245
1184 1311
1185 1215
1185 1241
1185 1298
1186 1207
1186 1309
1186 1220
1186 1296
1186 1237
1186 1263
1187 1197
1187 1216
1187 1221
1187 1224
1187 1232
1187 1380
1188 1189
1188 1190
1188 1243
1188 1246
1188 1342
1189 1190
1189 1205
1189 1206
1189 1240
1189 1243
1189 1246
1189 1342
1190 1205
1190 1206
1190 1223
1190 1240
1190 1243
1190 1246
1190 1342
1191 1319
1192 1344
1193 1195
1193 1384
1194 1315
1195 1384
1196 1463
1197 1216
1197 1221
1197 1224
1197 1229
1197 1232
1198 1213
1198 1364
1199 1224
1200 1274
1201 1233
1201 1242
1201 1245
1202 1222
1202 1244
1203 1220
1203 1229
1203 1235
1204 1413
1205 1206
1205 1240
1205 1243
1205 1246
1206 1240
1206 1243
1206 1246
1207 1263
1208 1286
1209 1620
1210 1316
1211 1216
1211 1222
1211 1224
1211 1234
1211 1239
1211 1276
1212 1296
1213 1364
1214 1621
1215 1241
1215 1298
1216 1221
1216 1229
1216 1232
1217 1574
1218 1460
1219 1525
1220 1229
1221 1224
1221 1229
1221 1232
1221 1237
1221 1380
1221 1419
1222 1234
1222 1239
1222 1244
1222 1276
1223 1251
1223 1246
1224 1229
1224 1232
1224 1237
1224 1380
1224 1419
1225 1252
1225 1319
1226 1237
1227 1233
1227 1260
1228 1412
1229 1232
1229 1235
1230 1239
1231 1236
1231 1392
1232 1380
1233 1242
1233 1260
1233 1245
1234 1594
1234 1244
1234 1276
1235 1419
1236 1392
1237 1380
1238 1532
1239 1276
1240 1243
1240 1246
1241 1298
1242 1260
1242 1245
1243 1246
1243 1342
1244 1276
1245 1311
1246 1342
